 108 109  52 115 117 119 120 122 123   1   2  14  15  16  17  18  19  27  29  30
  33  34  35  36  37  42  43  45  46  48  49  51  53  54  55  56  57  58  59  60
  61  62  63  65  67  68  73  74  75  76  77  85  86  87  88  89  90  91  92 114
  38  39  40  49 
   1   2   3   4   5   6   7   8   9  10  11  12  13  14  15  16  17  18  19  20
  21  22  23  24  25  26  27  28  29
   1   2   3   4   5   6  10  11  13  43  44  46  47  48  49  50  51  52  85
  87  30  59  65  66  67  68  69  70  71   0   0
   1   2   4  92      14  31  33  34  30  36  35  28  37  90  91    33  16  17  77      18  19  20  77
  34  42
   4  10  11  13  14  16  17  18  19  20  
   
   1   0   0   0   0   0   0   0   1   0   0   0   0   0   0   0   0   0   0   0
   0   0   0   0   0   0   0   0   0   0   0   0   0   0




