 |--  ---TILL------       1       2       3       4       5     6.0       7       8   9.000      10      11      12  13.000      14  15.000      16      17    18.0      19      20      21      22      23      24      25      26      27      28      29                        
 #        NAME     PCD PRIC    PLST    HRY     HRL     PWR     WDT     SPD     RC1     RC2     XLB     FCM     VR1     VR2     EFM     RTI     EMX     RR      TLD     RHT     RIN     DKH     DKI     IHC     HE      ORHI    FRCP    FPOP    CFEM    STIR    EQP                     
    3 TR2W40DS POWE   16600   18260  320.0012000.00   30.00    0.30    0.00    0.01   2.000    0.10    0.42    0.68   0.920    0.00   0.000    0.00    0.00     0.0    0.00    0.00    0.00    0.00    4.00    0.00    0.00    0.00    0.00    0.00    0.00TRACTOR 2WD  40 HP DIESE
   11 HORSE    POWE    2190    2409  900.00 9000.00    0.00    0.30    3.22    1.00   0.002    0.10    0.00    0.60   0.885    0.75   0.000    0.00    0.00     0.0    0.00    0.00    0.00    0.00    4.00    0.00    0.00    0.00    0.00    0.00    0.00HORSE OR MULE, DRAFT    
   12 TR2100DS POWE  43400.  47740.    525.  12000.     75.   0.300   0.000   0.007   2.000   0.100   0.420   0.680   0.920   0.000   0.000   0.000   0.000   0.000   0.000   0.000   0.000   0.000   4.000   0.000   0.000   0.000   0.000   0.000   0.000 TRACTOR 2WD 100 HP DIESE
  123 PLBEET8R NON     1155    1270   26.00  390.00    0.00    1.40    6.44    0.32   2.100    0.00    0.00    0.68   0.920    0.65   0.000    0.20   10.00    40.0   25.00    0.17    0.00    0.00    5.00    0.00    0.00    0.00    0.00    6.79   10.00BEET PLANTER 8 ROW      
  124 PLPOTATO NON    24577   27035   50.00 1200.00    0.00    5.50    5.63    0.32   2.100    0.10    0.00    0.60   0.885    0.75   0.000    0.20   10.00   100.0   25.00    0.17    0.00    0.00    5.00    0.00    0.00    0.00    0.00    6.79   10.00POTATO PLANTER          
  129 DRAIRDEL NON    12719   14132   90.00 1500.00    0.00    6.10    8.21    0.80   0.001    0.10    0.00    0.60   0.885    0.85   0.085    0.05   10.00    40.0   25.00    0.17    0.00    0.00    6.00    0.00    0.00    0.00    0.00                DRILL, AIR DELIVER      
  132 DRPLDG14 NON    15808   17389   65.00 1200.00    0.00    4.30    4.02    0.32   2.100    0.10    0.00    0.60   0.885    0.70   0.000    0.10   10.00    40.0   25.00    0.17    0.00    0.00    6.00    0.00    0.00    0.00    0.00    6.79   10.00DRILL,PLAIN,DISCGRAIN GT
  136 PLRG12RW NON    25175   27692   55.00 1200.00    0.00    6.10    8.85    0.32   2.100    0.10    0.00    0.60   0.885    0.65   0.000    0.10   10.00    40.0   75.00    1.00    0.00    0.00    5.00    0.00    0.00    0.00    0.00    6.79   10.00PLANTER REGULAR 12 ROW  
  139 PLNTL6RW NON    19556   21512  115.00 1200.00    0.00    5.20    4.99    0.32   2.100    0.10    0.00    0.60   0.885    0.70   0.000    0.02   10.00    60.0   10.00    0.86    0.00    0.00    5.00    0.00    0.00    0.00    0.00    6.79   10.00PLANTER NO-TILL 6 ROW   
  141 PLREG6RW NON    10199   11333   80.00 1200.00    0.00    3.00    7.72    0.80   0.001    0.10    0.00    0.60   0.885    0.60   0.085    0.10   10.00    40.0   75.00    1.00    0.00    0.00    5.00    0.00    0.00    0.00    0.00                PLANTER REGULAR 6 ROW   
  146 BRDCSEED NON     8047    8852   60.00 1200.00    0.00    6.10    7.88    0.32   2.100    0.10    0.00    0.60   0.885    0.75   0.000    0.00    0.00     0.0    0.00    0.00    0.00    0.00    6.00    0.00    0.00    0.00    0.00    6.79    0.00BROADCAST SEEDER        
  152 FLDCLT15 NON     2850    3167  100.00 2000.00    0.00    3.40    8.85    0.80   0.002    0.10    0.00    0.60   0.885    0.85   0.085    0.30   20.00   100.0   25.00    0.30    0.00    0.00    0.00    0.00    0.00    0.00    0.00                FIELD CULTIVATOR LT15FT 
  158 ROWCLT15 NON     3810    4233  100.00 2000.00    0.00    3.00    5.63    1.00   0.001    0.10    0.00    0.60   0.885    0.80   0.085    0.25   15.00    25.0  100.00    0.50    0.00    0.00    0.00    0.00    0.00    0.00    0.00                ROW CULTIVATOR LT15FT   
  258 AERIALFT SELF   78942   86837   50.00 2000.00    0.00    9.10    6.44    0.63   1.300    0.10    0.00    0.56   0.885    0.67   0.000    0.00    0.00     0.0    0.00    0.00    0.00    0.00    9.00    0.00    0.00    0.00    0.00    5.00    0.00AERIAL FERT APPLICATION 
  259 ANHYTRAC NON     5594    6154   50.00 1200.00    0.00    9.10    6.44    0.63   1.300    0.10    0.00    0.60   0.885    0.65   0.000    0.30   13.00    75.0   25.00    0.30    0.00    0.00    9.00    0.00    0.00    0.00    0.00    5.00   13.00ANHYD FERT APP TRACTOR M
  260 ANHYTRLR NON    12047   13252   50.00 1200.00    0.00    9.10    6.44    0.63   1.300    0.10    0.00    0.60   0.885    0.65   0.000    0.30   13.00    75.0   25.00    0.30    0.00    0.00    9.00    0.00    0.00    0.00    0.00    5.00   13.00ANHYD FERT APP TRAILER M
  261 DRYFTRLR NON     1483    1631   50.00 1200.00    0.00    9.10    7.24    0.63   1.300    0.10    0.00    0.60   0.885    0.70   0.000    0.00    0.00     0.0    0.00    0.00    0.00    0.00    9.00    0.00    0.00    0.00    0.00    5.00    0.00DRY FERT SPRDR TRAILER M
  265 LQDFTRLR NON     6829    7512   80.00 1500.00    0.00    9.10   10.46    0.63   1.300    0.10    0.00    0.60   0.885    0.65   0.000    0.00    0.00     0.0    0.00    0.00    0.00    0.00    9.00    0.00    0.00    0.00    0.00    5.00    0.00LQUD FERT APPL TRAILER M
  266 MANSPDER NON     5665    6232  100.00 2000.00    0.00    6.10    6.44    0.63   1.300    0.10    0.00    0.60   0.885    0.65   0.000    0.00    0.00     0.0    0.00    0.00    0.00    0.00    9.00    0.00    0.00    0.00    0.00    5.00    0.00MANURE SPREADER         
  267 SPFTSPDR SELF   62569   68826   50.00 2000.00   75.00    9.10   10.46    0.63   1.300    0.10    0.00    0.56   0.885    0.65   0.000    0.00    0.00     0.0    0.00    0.00    0.00    0.00    9.00    0.00    0.00    0.00    0.00    5.00    0.00SELF-PROP FERT SPREADER 
  268 ANIMAL   SELF       0       0    0.00    0.00    0.00    0.00    0.00    0.00   0.000    0.00    0.00    0.00   0.000    0.00   0.000    0.00    0.00     0.0    0.00    0.00    0.00    0.00    9.00    0.00    0.00    0.00    0.00    5.00    0.00ANIMAL MANURE DUMP      
  269 LIMEAPP  NON     5665    6232  100.00 2000.00    0.00    6.10    6.44    0.63   1.300    0.10    0.00    0.60   0.885    0.65   0.000    0.00    0.00     0.0    0.00    0.00    0.00    0.00   27.00    0.00    0.00    0.00    0.00    5.00    0.00LIME APPLICATION        
  271 FERTRENT CUST      50       0  800.0024000.00    0.00   11.00    4.83    0.63   1.300    0.00    0.00    0.60   0.858    0.50   0.000    0.30   13.00    50.0   25.00    0.30    0.00    0.00    9.00    0.00    0.00    0.00    0.00    5.00   13.00FERT APPL SHANK 36FT REN
  287 CRHDSP2W SELF  100784  111982  135.00 2000.00  119.00    4.90    6.44    0.70   0.001    0.10    0.23    0.60   0.885    0.70   0.085    0.00    0.00  -450.0    0.00    0.00    0.00    0.00    2.00    0.95    0.00    0.00    0.00                COMBINE ROW HD SP  2WD  
  291 PREBC2WD SELF  164865  181352   85.00 2000.00  119.00    4.90    5.00    0.04   2.100    0.10    0.42    0.64   0.885    0.70   0.000    0.00    0.00-10000.0    0.00    0.00    0.00    0.00    2.00    0.95    0.00    0.00    0.00   16.47    0.00PREBIOCOMBINE SELF-PROP2
  292 CSP2WD   SELF  164865  181352   85.00 2000.00  119.00    4.90    5.00    0.04   2.100    0.10    0.42    0.64   0.885    0.70   0.000    0.00    0.00  -150.0    0.00    0.00    0.00    0.00    2.00    0.95    0.00    0.00    0.00   16.47    0.00COMBINE SELF-PROP 2WD   
  297 CTTNPKSP SELF  222000  244200  260.00 2500.00  149.00    1.50    4.18    0.11   1.800    0.10    0.42    0.64   0.885    0.70   0.000    0.00    0.00  -450.0    0.00    0.00    0.00    0.00    2.00    0.95    0.00    0.00    0.00   16.47    0.00COTTON PICKER SELF-PROP 
  305 PNUTCOMB NON    81923   90115   60.00 2000.00    0.00    4.90    3.20    0.12   2.300    0.10    0.00    0.64   0.885    0.55   0.000    0.00    0.00   100.0    0.00    0.00    0.00    0.00    2.00    0.95    0.40    0.00    0.00   16.47    0.00PEANUT COMBINE (PTO)    
  310 SILAGEHV NON    28970   31867  100.00 2500.00    0.00    1.50    4.51    0.15   1.600    0.10    0.00    0.56   0.885    0.60   0.000    0.00    0.00  -100.0    0.00    0.00    0.00    0.00    2.00    0.95    0.90    0.00    0.00   16.47    0.00SILAGE HARVESTER        
  313 BALERMTD NON    13198   14518  100.00 2500.00    0.00    3.70    6.40    0.23   1.800    0.10    0.00    0.60   0.885    0.80   0.000    0.00    0.00  -100.0    0.00    0.00    0.00    0.00    2.00    0.95    0.95    0.00    0.00   16.47    0.00BALER, MOTOR MTD        
  314 BALEPTOL NON    16300   17930  100.00 2000.00    0.00    3.70   16.10    0.10   1.800    0.10    0.00    0.56   0.885    0.83   0.000    0.00    0.00  -100.0    0.00    0.00    0.00    0.00    2.00   -1.00    1.00    0.00    0.00   16.47    0.00BALER, PTO LARGE        
  315 BALEPTOS NON    17600   19360  100.00 2000.00    0.00    3.70   16.10    0.23   1.800    0.10    0.00    0.56   0.885    0.83   0.000    0.00    0.00  -100.0    0.00    0.00    0.00    0.00    2.00    1.00    1.00    0.00    0.00   16.47    0.00BALER, PTO SMALL        
  316 BALERSP  SELF   16300   17930  100.00 2500.00  149.00    3.70    4.80    0.10   1.800    0.10    0.00    0.60   0.885    0.80   0.000    0.00    0.00  -100.0    0.00    0.00    0.00    0.00    2.00    0.80    0.90    0.00    0.00   16.47    0.00BALER, SELF-PROPELLED   
  320 MOWLAWN  SELF   13810   15191  100.00 2500.00    0.00    2.70    9.65    0.18   1.600    0.10    0.00    0.60   0.885    0.80   0.000    0.00    0.00   -50.0    0.00    0.00    0.00    0.00    0.00    0.90    0.30    0.00    0.00    0.00    0.00MOWER LAWN              
  327 SWTHBALE SELF   16300   17930  100.00 2500.00  149.00    3.70    4.80    0.10   1.800    0.10    0.00    0.60   0.885    0.80   0.000    0.00    0.00     0.0    0.00    0.00    0.00    0.00    2.00    0.95    0.85    0.00    0.00    0.00    0.00SWATH &BALE             
  331 SHRDRGT8 NON    3188.   3542.    100.   2000.      0.     2.1    5.63   0.600   0.002   0.100   0.000   0.600   0.885    0.80   0.085    0.00    0.00  -1.000    0.00    0.00    0.00    0.00    2.00    0.00    0.95    0.00    0.00    0.00    0.00SHREDDER, ROTARY GT8FT   
  336 BEETHARV SELF    9558   10514  100.00 1500.00    4.00    3.00    3.22    0.59   1.300    0.00    0.00    0.68   0.900    0.65   0.000    0.00    0.00   100.0    0.00    0.00    0.00    0.00    2.00    0.95    0.50    0.00    0.00   16.47    0.00BEET HARVESTER          
  338 BEETTOPP SELF    2573    2830   50.00 1000.00    9.00    3.00    6.44    0.28   1.400    0.00    0.00    1.50   0.920    0.65   0.000    0.00    0.00  -100.0    0.00    0.00    0.00    0.00    0.00    0.00    0.00    0.00    0.00    0.00    0.00BEET TOPPER 12 HP       
  339 RICECOMB SELF   43457   47802  270.00 1890.00    0.00    3.70    5.63    0.04   2.100    0.10    0.00    0.60   0.885    0.70   0.000    0.00    0.00  -450.0    0.00    0.00    0.00    0.00    2.00    0.95    0.00    0.00    0.00   16.47    0.00RICE COMBINE            
  397 BURNUNIT NON     1400    1540   85.00  510.00    0.00    5.50    6.44    0.19   1.300    0.00    0.00    0.60   0.885    1.00   0.000    0.00    0.00    -0.1    0.00    0.00    0.00    0.00   14.00    0.00    0.00    0.00    0.00    0.00    0.00BURNING UNIT            
  402 POTAHARV NON    35573   39131   50.00 2500.00    0.00    1.80    3.22    0.19   1.400    0.10    0.00    0.60   0.885    0.70   0.000    0.80   20.00   150.0    0.00    0.00    0.00    0.00    2.00    0.95    0.95    0.00    0.00   16.47   20.00POTATO HARVESTER        
  410 VEGHARV  NON     2736    3009   50.00 2000.00    0.00    1.20    4.83    0.19   1.400    0.10    0.00    0.60   0.885    0.87   0.000    0.00    0.00   -50.0    0.00    0.00    0.00    0.00    2.00    0.95    0.80    0.00    0.00   16.47    0.00VEGETABLE HARVESTER     
  417 CANEPLNT NON    31423   34565  160.00 1440.00    0.00    1.80    4.83    0.32   2.100    0.00    0.00    0.60   0.885    1.00   0.000    0.20   10.00     0.0    0.00    0.00    0.00    0.00    5.00    0.00    0.00    0.00    0.00    6.79   10.00MECH PLANTER SUGARCANE  
  420 RMV-DIKE NON        0       0    0.00    0.00    0.00    0.00    0.00    0.00   0.000    0.00    0.00    0.00   0.000    0.00   0.000    0.70   10.00    40.0  100.00    1.00    0.00    0.00   18.00    0.00    0.00    0.20    0.00    5.00   10.00REMOVE FURROW DIKE      
  421 BDIKE100 NON        0       0    0.00    0.00    0.00    0.00    0.00    0.00   0.000    0.00    0.00    0.00   0.000    0.00   0.000    0.70   10.00    40.0  100.00    0.25  100.00    0.40   17.00    0.00    0.00    0.20    0.00    5.00   10.00BUILD FURROW DIKE       
  422 PADDYBD  NON        0       0    0.00    0.00    0.00    0.00    0.00    0.00   0.000    0.00    0.00    0.00   0.000    0.00   0.000    0.05   10.00   100.0    0.00   40.00    0.00  100.00   17.00    0.00    0.00    0.30    0.00    5.00   10.00BUILD RICE PADDY        
  423 THIN     NON        0       0    0.00    0.00    0.00    0.00    0.00    0.00   0.000    0.00    0.00    0.00   0.000    0.00   0.000    0.00    0.00     0.0    0.00    0.00    0.00    0.00    3.00    0.95    0.50    0.25    0.50   16.47    0.00REDUCE STAND            
  424 PUDDLE   NON        0       0    0.00    0.00    0.00    0.00    0.00    0.00   0.000    0.00    0.00    0.00   0.000    0.00   0.000    0.50    5.00    75.0    0.00    0.00    0.00    0.00   15.00    0.00    0.00    0.30    0.00   13.98    5.00PUDDLE RICE PADDY       
  425 XPUDDLE  NON        0       0    0.00    0.00    0.00    0.00    0.00    0.00   0.000    0.00    0.00    0.00   0.000    0.00   0.000    0.50    5.00    75.0    0.00    0.00    0.00    0.00   16.00    0.00    0.00    0.30    0.00   13.98    5.00DESTROY PUDDLE          
  426 GRAZE    NON        0       0    0.00    0.00    0.00    0.00    0.00    0.00   0.000    0.00    0.00    0.00   0.000   15.00   0.000    0.01    1.00    10.0    0.00    0.00    0.00    0.00   19.00    0.50    0.00    0.05    0.00    3.89    1.00INITIATE GRAZING        
  427 STOP GRZ NON        0       0    0.00    0.00    0.00    0.00    0.00    0.00   0.000    0.00    0.00    0.00   0.000    0.00   0.000    0.00    0.00     0.0    0.00    0.00    0.00    0.00   20.00    0.00    0.00    0.00    0.00    0.00    0.00STOP GRAZING            
  428 STOP DRN NON        0       0    0.00    0.00    0.00    0.00    0.00    0.00   0.000    0.00    0.00    0.00   0.000    0.00   0.000    0.00    0.00     0.0    0.00    0.00    0.00    0.00   25.00    0.00    0.00    0.00    0.00    0.00    0.00STOP DRAINAGE SYSTEM    
  429 OPEN DRN NON        0       0    0.00    0.00    0.00    0.00    0.00    0.00   0.000    0.00    0.00    0.00   0.000    0.00   0.000    0.00    0.00     0.0    0.00    0.00    0.00    0.00   26.00    0.00    0.00    0.00    0.00    0.00    0.00OPEN DRAINAGE SYSTEM    
  430 PRUNE    NON        0       0    0.00    0.00    0.00    0.00    0.00    0.00   0.000    0.00    0.00    0.00   0.000    0.00   0.000    0.00    0.00 -1000.0    0.00    0.00    0.00    0.00    2.00    0.00    0.10    0.00    0.00   16.47    0.00PRUNE                   
  451 KILL     NON        0       0    0.00    0.00    0.00    0.00    0.00    0.00   0.000    0.00    0.00    0.00   0.000    0.00   0.000    0.00    0.00     0.0    0.00    0.00    0.00    0.00    1.00    0.00    0.00    0.00    0.00    0.00    0.00KILL                    
  457 CLEARCUT NON    28970   31867  100.00 2500.00    0.00    1.50    4.51    0.15   1.600    0.10    0.00    0.56   0.885    0.60   0.000    0.00    0.00  -200.0    0.00    0.00    0.00    0.00    3.00    0.95    0.90    0.00    0.00   16.47    0.00                        
  500 CNTR PVT IRRI   58589   64448  840.0015000.00    7.00    3.00    3.22    0.01   1.300    0.04    0.00    0.68   0.920    0.95   0.000    0.00    0.00     0.0    0.00    0.00    0.00    0.00    8.00    0.00    0.00    0.00    0.00   10.00    0.00CENTER PIVOT SPRINKLER  
  501 IRR100HP IRRI    9155   10070  840.0011000.00   75.00    3.00    3.22    0.01   1.300    0.04    0.00    0.68   0.920    0.83   0.000    0.00    0.00     0.0    0.00    0.00    0.00    0.00    8.00    0.00    0.00    0.00    0.00   10.00    0.00IRRIGATION 100HP MOTOR  
  502 FLOODIRR IRRI   32310   35541  100.0020000.00   41.00    2.40    3.22    0.19   1.300    0.04    0.00    0.68   0.900    0.90   0.000    0.00    0.00     0.0    0.00    0.00    0.00    0.00    8.00    0.00    0.00    0.00    0.00   10.00    0.00FURROW IRRIGATION       
  530 ALDRPIRR IRRI   13463   14809  200.00 2000.00    0.00    0.90    1.61    0.19   1.300    1.10    0.00    0.60   1.097    0.95   0.000    0.00    0.00     0.0    0.00    0.00    0.00    0.00    8.00    0.00    0.00    0.00    0.00   10.00    0.00AL DRIP IRRIGATION      
  561 AER APPF NON       17      19  840.0015000.00    7.00    3.00    3.22    0.63   1.300    0.00    0.42    0.68   0.920    0.83   0.000    0.00    0.00     0.0    0.00    0.00    0.00    0.00    9.00    0.00    0.00    0.00    0.00    5.00    0.00AERIAL APP-FERT         
  562 C:PEST 5 CUST       7       0    0.00    0.00    0.00    0.00    0.00    0.00   0.000    0.00    0.00    0.00   0.000    0.00   0.000    0.00    0.00     0.0    0.00    0.00    0.00    0.00    7.00    0.95    0.00    0.00    0.00    2.54    0.00AERIAL APP-INSECT     56
  580 C:FERT 5 CUST       5       0    0.00    0.00    0.00    0.00    0.00    0.00   0.000    0.00    0.00    0.00   0.000    0.00   0.000    0.00    0.00     0.0    0.00    0.00    0.00    0.00    9.00    0.00    0.00    0.00    0.00    5.00    0.00FERTILIZER APP        58
  614 C:BORDR6 CUST      15       0    0.00    0.00    0.00    0.00    0.00    0.00   0.000    0.00    0.00    0.00   0.000    0.00   0.000    0.25   13.00     0.0    0.00    0.00    0.00    0.00    0.00    0.00    0.00    0.00    0.00    6.08   13.00BUILD BORDER          61
  615 FERTTRUC CUST      51       0    0.00    0.00    0.00    0.00    0.00    0.00   0.000    0.00    0.53    0.00   0.000    0.00   0.000    0.00    0.00     0.0    0.00    0.00    0.00    0.00    9.00    0.00    0.00    0.00    0.00    5.00    0.00FERTTRUCK             61
  620 C:BKBOR6 CUST      44       0    0.00    0.00    0.00    0.00    0.00    0.00   0.000    0.00    0.00    0.00   0.000    0.00   0.000    0.25   13.00     0.0    0.00    0.00    0.00    0.00    0.00    0.00    0.00    0.00    0.00    6.08   13.00BREAK BORDERS         62
  623 C:HARV 6 CUST      25       0    0.00    0.00    0.00    0.00    0.00    0.00   0.000    0.00    0.00    0.00   0.000    0.00   0.000    0.00    0.00-10000.0    0.00    0.00    0.00    0.00    2.00    0.99    0.10    0.00    0.00   16.47    0.00HARVEST  PREBIOMASS     
  654 C:HARVT6 CUST       0     249    0.00    0.00    0.00    0.00    0.00    0.00   0.000    0.00    0.00    0.00   0.000    0.00   0.000    0.00    0.00  -100.0    0.00    0.00    0.00    0.00    2.00    0.50    0.95    0.00    0.00   16.47    0.00TOBACCO HARVEST       65
  800 DISK HAR NON        0       0    0.00    0.00    0.00    0.00    0.00    0.00   0.000    0.00    0.00    0.00   0.000    0.00   0.085    0.70    3.00   150.0    0.00    0.00    0.00    0.00    9.00    0.00    0.95    0.10    0.00    6.69   10.00SPIKE TOOTH HARROW
  801 FERTBINC NON        0       0    0.00    0.00    0.00    0.00    0.00    0.00   0.000    0.00    0.00    0.00   0.000    0.00   0.085    0.30   20.00    75.0   50.00    0.00    0.00    0.00    9.00    0.00    0.00    0.00    0.00    5.00   10.  Surface broadcast incorporation
  802 FERTBAND NON        0       0    0.00    0.00    0.00    0.00    0.00    0.00   0.000    0.00    0.00    0.00   0.000    0.00   0.000    0.00   00.00   250.0   00.00    0.00    0.00    0.00    9.00    0.00    0.00    0.00    0.00    5.00   10.  Fertilizer Band 25cm depth 
