 1010001 hu01010001.dly  47.31  -69.17
 1010002 hu01010002.dly  46.66  -69.30
 1010003 hu01010003.dly  47.01  -68.57
 1010004 hu01010004.dly  46.62  -68.41
 1010005 hu01010005.dly  46.29  -67.88
 1020001 hu01020001.dly  45.91  -69.45
 1020002 hu01020002.dly  46.11  -68.90
 1020003 hu01020003.dly  45.78  -68.16
 1020004 hu01020004.dly  45.35  -69.22
 1020005 hu01020005.dly  45.04  -68.67
 1030001 hu01030001.dly  45.60  -69.96
 1030002 hu01030002.dly  45.26  -70.41
 1030003 hu01030003.dly  44.74  -69.80
 1040001 hu01040001.dly  44.90  -70.98
 1040002 hu01040002.dly  44.38  -70.50
 1050001 hu01050001.dly  45.40  -67.59
 1050002 hu01050002.dly  44.54  -68.15
 1050003 hu01050003.dly  44.06  -69.47
 1050004 hu01050004.dly  45.28  -66.81
 1060001 hu01060001.dly  43.83  -70.34
 1060002 hu01060002.dly  43.90  -71.00
 1060003 hu01060003.dly  43.22  -70.85
 1070001 hu01070001.dly  43.82  -71.72
 1070002 hu01070002.dly  43.59  -71.37
 1070003 hu01070003.dly  43.17  -71.91
 1070004 hu01070004.dly  42.57  -71.74
 1070005 hu01070005.dly  42.40  -71.48
 1070006 hu01070006.dly  42.92  -71.50
 1080101 hu01080101.dly  44.80  -71.48
 1080102 hu01080102.dly  44.55  -71.99
 1080103 hu01080103.dly  44.24  -71.87
 1080104 hu01080104.dly  43.92  -72.23
 1080105 hu01080105.dly  43.88  -72.65
 1080106 hu01080106.dly  43.47  -72.39
 1080107 hu01080107.dly  43.07  -72.63
 1080201 hu01080201.dly  42.69  -72.47
 1080202 hu01080202.dly  42.65  -72.16
 1080203 hu01080203.dly  42.74  -72.85
 1080204 hu01080204.dly  42.32  -72.21
 1080205 hu01080205.dly  41.71  -72.54
 1080206 hu01080206.dly  42.29  -72.91
 1080207 hu01080207.dly  41.94  -72.96
 1090001 hu01090001.dly  42.43  -71.00
 1090002 hu01090002.dly  41.70  -70.48
 1090003 hu01090003.dly  42.09  -71.66
 1090004 hu01090004.dly  41.78  -71.27
 1090005 hu01090005.dly  41.38  -71.68
 1100001 hu01100001.dly  41.89  -71.94
 1100002 hu01100002.dly  41.82  -72.21
 1100003 hu01100003.dly  41.46  -72.12
 1100004 hu01100004.dly  41.40  -72.80
 1100005 hu01100005.dly  41.78  -73.32
 1100006 hu01100006.dly  41.18  -73.44
 1100007 hu01100007.dly  41.16  -72.85
 1110000 hu01110000.dly  44.89  -72.08
 2010001 hu02010001.dly  43.46  -73.39
 2010002 hu02010002.dly  43.78  -73.06
 2010003 hu02010003.dly  44.31  -72.70
 2010004 hu02010004.dly  44.35  -73.68
 2010005 hu02010005.dly  44.61  -72.67
 2010006 hu02010006.dly  44.62  -73.87
 2010007 hu02010007.dly  44.91  -72.67
 2010008 hu02010008.dly  44.60  -73.30
 2020001 hu02020001.dly  43.78  -74.01
 2020002 hu02020002.dly  43.34  -74.24
 2020003 hu02020003.dly  43.00  -73.44
 2020004 hu02020004.dly  43.11  -74.78
 2020005 hu02020005.dly  42.54  -74.43
 2020006 hu02020006.dly  42.34  -73.86
 2020007 hu02020007.dly  41.55  -74.38
 2020008 hu02020008.dly  41.62  -73.93
 2030101 hu02030101.dly  41.25  -73.79
 2030102 hu02030102.dly  40.95  -73.78
 2030103 hu02030103.dly  40.96  -74.28
 2030104 hu02030104.dly  40.45  -74.12
 2030105 hu02030105.dly  40.52  -74.62
 2030201 hu02030201.dly  40.97  -73.10
 2030202 hu02030202.dly  40.84  -72.88
 2040101 hu02040101.dly  41.96  -75.36
 2040102 hu02040102.dly  42.07  -74.82
 2040103 hu02040103.dly  41.50  -75.30
 2040104 hu02040104.dly  41.39  -74.90
 2040105 hu02040105.dly  40.65  -75.11
 2040106 hu02040106.dly  40.87  -75.60
 2040201 hu02040201.dly  40.17  -74.85
 2040202 hu02040202.dly  39.92  -75.04
 2040203 hu02040203.dly  40.39  -75.77
 2040204 hu02040204.dly  39.11  -75.20
 2040205 hu02040205.dly  39.80  -75.71
 2040206 hu02040206.dly  39.44  -75.17
 2040207 hu02040207.dly  39.04  -75.47
 2040301 hu02040301.dly  39.77  -74.29
 2040302 hu02040302.dly  39.36  -74.70
 2040303 hu02040303.dly  37.94  -75.37
 2040304 hu02040304.dly  37.40  -75.75
 2050101 hu02050101.dly  42.44  -75.25
 2050102 hu02050102.dly  42.58  -75.81
 2050103 hu02050103.dly  42.17  -76.29
 2050104 hu02050104.dly  42.02  -77.37
 2050105 hu02050105.dly  42.23  -77.06
 2050106 hu02050106.dly  41.68  -76.17
 2050107 hu02050107.dly  41.18  -76.10
 2050201 hu02050201.dly  40.91  -78.42
 2050202 hu02050202.dly  41.44  -78.25
 2050203 hu02050203.dly  41.37  -77.68
 2050204 hu02050204.dly  40.98  -77.73
 2050205 hu02050205.dly  41.61  -77.45
 2050206 hu02050206.dly  41.28  -76.85
 2050301 hu02050301.dly  40.74  -76.93
 2050302 hu02050302.dly  40.55  -78.19
 2050303 hu02050303.dly  40.12  -78.40
 2050304 hu02050304.dly  40.44  -77.62
 2050305 hu02050305.dly  40.28  -76.98
 2050306 hu02050306.dly  39.94  -76.49
 2060001 hu02060001.dly  38.54  -76.42
 2060002 hu02060002.dly  39.26  -76.01
 2060003 hu02060003.dly  39.43  -76.63
 2060004 hu02060004.dly  38.84  -76.54
 2060005 hu02060005.dly  38.77  -75.99
 2060006 hu02060006.dly  38.85  -76.76
 2060007 hu02060007.dly  38.21  -75.93
 2060008 hu02060008.dly  38.62  -75.65
 2060009 hu02060009.dly  38.22  -75.55
 2060010 hu02060010.dly  38.43  -75.18
 2070001 hu02070001.dly  38.86  -79.21
 2070002 hu02070002.dly  39.51  -78.97
 2070003 hu02070003.dly  39.37  -78.56
 2070004 hu02070004.dly  39.63  -77.94
 2070005 hu02070005.dly  38.32  -78.80
 2070006 hu02070006.dly  38.79  -78.67
 2070007 hu02070007.dly  39.11  -77.99
 2070008 hu02070008.dly  39.12  -77.54
 2070009 hu02070009.dly  39.59  -77.27
 2070010 hu02070010.dly  38.81  -77.30
 2070011 hu02070011.dly  38.33  -76.91
 2080101 hu02080101.dly  37.42  -76.13
 2080102 hu02080102.dly  37.47  -76.39
 2080103 hu02080103.dly  38.50  -78.06
 2080104 hu02080104.dly  37.98  -76.92
 2080105 hu02080105.dly  37.96  -77.30
 2080106 hu02080106.dly  37.89  -77.65
 2080107 hu02080107.dly  37.38  -76.64
 2080108 hu02080108.dly  37.08  -76.30
 2080110 hu02080110.dly  37.91  -75.95
 2080111 hu02080111.dly  37.74  -75.79
 2080201 hu02080201.dly  37.82  -79.88
 2080202 hu02080202.dly  37.93  -79.41
 2080203 hu02080203.dly  37.65  -78.87
 2080204 hu02080204.dly  38.07  -78.48
 2080205 hu02080205.dly  37.62  -78.04
 2080206 hu02080206.dly  37.32  -77.03
 2080207 hu02080207.dly  37.31  -78.06
 2080208 hu02080208.dly  36.82  -76.45
 3010101 hu03010101.dly  37.16  -79.76
 3010102 hu03010102.dly  36.89  -78.74
 3010103 hu03010103.dly  36.56  -80.00
 3010104 hu03010104.dly  36.51  -79.13
 3010105 hu03010105.dly  36.84  -79.21
 3010106 hu03010106.dly  36.58  -78.10
 3010107 hu03010107.dly  36.06  -77.16
 3010201 hu03010201.dly  36.93  -77.55
 3010202 hu03010202.dly  36.96  -76.97
 3010203 hu03010203.dly  36.34  -76.81
 3010204 hu03010204.dly  36.66  -77.70
 3010205 hu03010205.dly  36.12  -76.09
 3020101 hu03020101.dly  36.11  -78.22
 3020102 hu03020102.dly  36.24  -77.84
 3020103 hu03020103.dly  35.74  -77.41
 3020104 hu03020104.dly  35.51  -76.68
 3020105 hu03020105.dly  35.27  -76.03
 3020201 hu03020201.dly  35.77  -78.57
 3020202 hu03020202.dly  35.30  -77.46
 3020203 hu03020203.dly  35.61  -77.86
 3020204 hu03020204.dly  35.04  -76.90
 3020301 hu03020301.dly  34.75  -76.91
 3020302 hu03020302.dly  34.42  -77.55
 3030002 hu03030002.dly  36.01  -79.41
 3030003 hu03030003.dly  35.64  -79.57
 3030004 hu03030004.dly  35.27  -79.02
 3030005 hu03030005.dly  34.37  -78.32
 3030006 hu03030006.dly  34.91  -78.38
 3030007 hu03030007.dly  34.75  -77.88
 3040101 hu03040101.dly  36.22  -80.80
 3040102 hu03040102.dly  35.88  -80.83
 3040103 hu03040103.dly  35.69  -80.17
 3040104 hu03040104.dly  35.20  -79.98
 3040105 hu03040105.dly  35.24  -80.48
 3040201 hu03040201.dly  34.53  -79.83
 3040202 hu03040202.dly  34.24  -80.12
 3040203 hu03040203.dly  34.70  -79.14
 3040204 hu03040204.dly  34.35  -79.31
 3040205 hu03040205.dly  33.78  -79.96
 3040206 hu03040206.dly  34.09  -78.72
 3040207 hu03040207.dly  33.49  -79.19
 3040208 hu03040208.dly  33.81  -78.67
 3050101 hu03050101.dly  35.84  -81.24
 3050102 hu03050102.dly  35.52  -81.34
 3050103 hu03050103.dly  34.87  -80.91
 3050104 hu03050104.dly  34.25  -80.73
 3050105 hu03050105.dly  35.24  -81.82
 3050106 hu03050106.dly  34.47  -81.29
 3050107 hu03050107.dly  34.82  -81.92
 3050108 hu03050108.dly  34.62  -81.93
 3050109 hu03050109.dly  34.39  -82.00
 3050110 hu03050110.dly  33.88  -80.94
 3050111 hu03050111.dly  33.57  -80.43
 3050112 hu03050112.dly  33.32  -79.70
 3050201 hu03050201.dly  33.07  -79.98
 3050202 hu03050202.dly  32.78  -80.10
 3050203 hu03050203.dly  33.67  -81.16
 3050204 hu03050204.dly  33.56  -81.41
 3050205 hu03050205.dly  33.36  -80.52
 3050206 hu03050206.dly  32.94  -80.42
 3050207 hu03050207.dly  32.93  -80.88
 3050208 hu03050208.dly  32.59  -80.95
 3050209 hu03050209.dly  32.96  -79.56
 3050210 hu03050210.dly  32.32  -80.50
 3060101 hu03060101.dly  34.81  -82.86
 3060102 hu03060102.dly  34.72  -83.22
 3060103 hu03060103.dly  34.16  -82.57
 3060104 hu03060104.dly  34.15  -83.16
 3060105 hu03060105.dly  33.64  -82.68
 3060106 hu03060106.dly  33.32  -81.82
 3060107 hu03060107.dly  33.87  -82.06
 3060108 hu03060108.dly  33.14  -82.07
 3060109 hu03060109.dly  32.45  -81.27
 3060110 hu03060110.dly  32.25  -81.02
 3060201 hu03060201.dly  33.08  -82.47
 3060202 hu03060202.dly  32.44  -81.65
 3060203 hu03060203.dly  32.26  -81.90
 3060204 hu03060204.dly  31.73  -81.28
 3070101 hu03070101.dly  33.67  -83.46
 3070102 hu03070102.dly  32.70  -83.01
 3070103 hu03070103.dly  33.33  -83.94
 3070104 hu03070104.dly  32.17  -83.42
 3070105 hu03070105.dly  32.19  -83.00
 3070106 hu03070106.dly  31.77  -81.94
 3070107 hu03070107.dly  32.45  -82.43
 3070201 hu03070201.dly  31.33  -82.42
 3070202 hu03070202.dly  31.60  -82.23
 3070203 hu03070203.dly  31.11  -81.53
 3070204 hu03070204.dly  30.53  -82.07
 3070205 hu03070205.dly  30.56  -81.67
 3080101 hu03080101.dly  28.55  -81.04
 3080102 hu03080102.dly  29.20  -81.94
 3080103 hu03080103.dly  29.88  -81.63
 3080201 hu03080201.dly  29.56  -81.19
 3080202 hu03080202.dly  28.49  -80.68
 3080203 hu03080203.dly  27.62  -80.48
 3090101 hu03090101.dly  27.86  -81.30
 3090102 hu03090102.dly  27.27  -80.80
 3090103 hu03090103.dly  27.12  -81.29
 3090201 hu03090201.dly  26.92  -80.75
 3090202 hu03090202.dly  26.03  -80.75
 3090203 hu03090203.dly  24.74  -81.00
 3090204 hu03090204.dly  26.08  -81.40
 3090205 hu03090205.dly  26.74  -81.47
 3090206 hu03090206.dly  26.44  -80.13
 3100101 hu03100101.dly  27.46  -81.80
 3100102 hu03100102.dly  27.22  -82.20
 3100103 hu03100103.dly  26.68  -82.11
 3100201 hu03100201.dly  27.20  -82.47
 3100202 hu03100202.dly  27.51  -82.35
 3100203 hu03100203.dly  27.67  -82.28
 3100204 hu03100204.dly  27.86  -82.09
 3100205 hu03100205.dly  28.15  -82.25
 3100206 hu03100206.dly  27.84  -82.56
 3100207 hu03100207.dly  28.45  -82.64
 3100208 hu03100208.dly  28.66  -82.13
 3110101 hu03110101.dly  29.30  -82.78
 3110102 hu03110102.dly  29.88  -83.45
 3110103 hu03110103.dly  30.51  -83.74
 3110201 hu03110201.dly  30.74  -82.63
 3110202 hu03110202.dly  31.33  -83.13
 3110203 hu03110203.dly  30.87  -83.31
 3110204 hu03110204.dly  31.31  -83.62
 3110205 hu03110205.dly  29.97  -82.97
 3110206 hu03110206.dly  29.95  -82.44
 3120001 hu03120001.dly  30.35  -84.18
 3120002 hu03120002.dly  31.04  -84.04
 3120003 hu03120003.dly  30.45  -84.64
 3130001 hu03130001.dly  34.29  -83.95
 3130002 hu03130002.dly  33.19  -84.96
 3130003 hu03130003.dly  32.18  -85.04
 3130004 hu03130004.dly  31.29  -85.08
 3130005 hu03130005.dly  32.95  -84.39
 3130006 hu03130006.dly  32.04  -84.00
 3130007 hu03130007.dly  32.00  -84.37
 3130008 hu03130008.dly  31.20  -84.34
 3130009 hu03130009.dly  31.60  -84.57
 3130010 hu03130010.dly  31.16  -84.80
 3130011 hu03130011.dly  30.23  -85.01
 3130012 hu03130012.dly  30.70  -85.27
 3130013 hu03130013.dly  29.99  -84.75
 3130014 hu03130014.dly  29.70  -84.90
 3140101 hu03140101.dly  30.18  -85.56
 3140102 hu03140102.dly  30.51  -86.33
 3140103 hu03140103.dly  30.94  -86.47
 3140104 hu03140104.dly  30.86  -86.90
 3140105 hu03140105.dly  30.43  -86.98
 3140106 hu03140106.dly  30.74  -87.57
 3140107 hu03140107.dly  30.34  -87.54
 3140201 hu03140201.dly  31.41  -85.62
 3140202 hu03140202.dly  31.51  -85.92
 3140203 hu03140203.dly  30.74  -85.78
 3140301 hu03140301.dly  31.68  -86.18
 3140302 hu03140302.dly  31.77  -86.33
 3140303 hu03140303.dly  31.63  -86.71
 3140304 hu03140304.dly  31.28  -87.06
 3140305 hu03140305.dly  31.00  -87.34
 3150101 hu03150101.dly  34.85  -84.81
 3150102 hu03150102.dly  34.58  -84.58
 3150103 hu03150103.dly  34.47  -85.10
 3150104 hu03150104.dly  34.21  -84.55
 3150105 hu03150105.dly  34.24  -85.47
 3150106 hu03150106.dly  33.76  -86.04
 3150107 hu03150107.dly  33.02  -86.38
 3150108 hu03150108.dly  33.60  -85.35
 3150109 hu03150109.dly  33.01  -85.72
 3150110 hu03150110.dly  32.43  -85.78
 3150201 hu03150201.dly  32.40  -86.58
 3150202 hu03150202.dly  33.03  -87.00
 3150203 hu03150203.dly  32.11  -87.22
 3150204 hu03150204.dly  31.50  -87.50
 3160101 hu03160101.dly  34.21  -88.43
 3160102 hu03160102.dly  34.25  -88.76
 3160103 hu03160103.dly  34.04  -88.05
 3160104 hu03160104.dly  33.71  -88.85
 3160105 hu03160105.dly  33.70  -88.09
 3160106 hu03160106.dly  33.13  -88.16
 3160107 hu03160107.dly  33.51  -87.81
 3160108 hu03160108.dly  33.10  -88.67
 3160109 hu03160109.dly  33.86  -86.98
 3160110 hu03160110.dly  34.16  -87.22
 3160111 hu03160111.dly  33.85  -86.65
 3160112 hu03160112.dly  33.44  -87.38
 3160113 hu03160113.dly  32.86  -87.62
 3160201 hu03160201.dly  32.16  -88.06
 3160202 hu03160202.dly  32.59  -88.45
 3160203 hu03160203.dly  31.55  -88.01
 3160204 hu03160204.dly  30.91  -88.02
 3160205 hu03160205.dly  30.46  -87.95
 3170001 hu03170001.dly  32.44  -88.91
 3170002 hu03170002.dly  31.96  -88.69
 3170003 hu03170003.dly  31.31  -88.62
 3170004 hu03170004.dly  31.81  -89.49
 3170005 hu03170005.dly  31.56  -89.03
 3170006 hu03170006.dly  30.72  -88.60
 3170007 hu03170007.dly  31.00  -89.18
 3170008 hu03170008.dly  30.92  -88.39
 3170009 hu03170009.dly  30.44  -89.00
 3180001 hu03180001.dly  32.83  -89.29
 3180002 hu03180002.dly  32.22  -89.94
 3180003 hu03180003.dly  31.61  -90.08
 3180004 hu03180004.dly  30.86  -89.75
 3180005 hu03180005.dly  31.15  -90.24
 4010101 hu04010101.dly  47.80  -90.60
 4010102 hu04010102.dly  47.13  -91.68
 4010201 hu04010201.dly  47.20  -92.59
 4010202 hu04010202.dly  47.14  -92.04
 4010301 hu04010301.dly  46.76  -91.32
 4010302 hu04010302.dly  46.47  -90.64
 4020101 hu04020101.dly  46.83  -89.82
 4020102 hu04020102.dly  46.47  -89.23
 4020103 hu04020103.dly  47.56  -88.44
 4020104 hu04020104.dly  46.65  -88.69
 4020105 hu04020105.dly  46.87  -87.71
 4020201 hu04020201.dly  46.92  -86.28
 4020202 hu04020202.dly  46.38  -85.34
 4020203 hu04020203.dly  46.46  -84.76
 4020300 hu04020300.dly  47.40  -90.53
 4030101 hu04030101.dly  43.92  -87.61
 4030102 hu04030102.dly  44.92  -87.12
 4030103 hu04030103.dly  44.73  -88.11
 4030104 hu04030104.dly  45.10  -88.37
 4030105 hu04030105.dly  45.31  -88.20
 4030106 hu04030106.dly  46.17  -88.62
 4030107 hu04030107.dly  46.37  -88.15
 4030108 hu04030108.dly  45.72  -87.99
 4030109 hu04030109.dly  45.67  -87.36
 4030110 hu04030110.dly  46.24  -87.56
 4030111 hu04030111.dly  46.00  -87.02
 4030112 hu04030112.dly  45.65  -86.48
 4030201 hu04030201.dly  43.84  -89.19
 4030202 hu04030202.dly  44.70  -88.90
 4030203 hu04030203.dly  43.91  -88.47
 4030204 hu04030204.dly  44.39  -88.18
 4040001 hu04040001.dly  41.81  -86.97
 4040002 hu04040002.dly  42.48  -87.50
 4040003 hu04040003.dly  43.24  -87.83
 4050001 hu04050001.dly  41.85  -85.60
 4050002 hu04050002.dly  42.63  -86.56
 4050003 hu04050003.dly  42.37  -85.32
 4050004 hu04050004.dly  42.56  -84.44
 4050005 hu04050005.dly  43.08  -84.64
 4050006 hu04050006.dly  43.10  -85.52
 4050007 hu04050007.dly  42.68  -85.18
 4060101 hu04060101.dly  43.69  -86.46
 4060102 hu04060102.dly  43.91  -85.29
 4060103 hu04060103.dly  44.40  -85.54
 4060104 hu04060104.dly  44.84  -86.19
 4060105 hu04060105.dly  45.20  -85.24
 4060106 hu04060106.dly  46.26  -86.19
 4060107 hu04060107.dly  45.92  -85.56
 4070001 hu04070001.dly  46.08  -84.06
 4070002 hu04070002.dly  46.03  -84.55
 4070003 hu04070003.dly  45.05  -83.08
 4070004 hu04070004.dly  45.37  -84.67
 4070005 hu04070005.dly  45.28  -84.28
 4070006 hu04070006.dly  44.97  -83.83
 4070007 hu04070007.dly  44.62  -84.09
 4080101 hu04080101.dly  44.22  -83.71
 4080102 hu04080102.dly  43.81  -83.99
 4080103 hu04080103.dly  43.86  -83.29
 4080104 hu04080104.dly  43.78  -82.50
 4080201 hu04080201.dly  43.89  -84.48
 4080202 hu04080202.dly  43.54  -84.89
 4080203 hu04080203.dly  43.01  -84.13
 4080204 hu04080204.dly  43.07  -83.56
 4080205 hu04080205.dly  43.44  -83.24
 4080206 hu04080206.dly  43.47  -83.86
 4090001 hu04090001.dly  43.12  -82.78
 4090002 hu04090002.dly  42.57  -82.78
 4090003 hu04090003.dly  42.70  -83.11
 4090004 hu04090004.dly  42.35  -83.33
 4090005 hu04090005.dly  42.40  -83.75
 4100001 hu04100001.dly  41.85  -83.51
 4100002 hu04100002.dly  41.98  -83.96
 4100003 hu04100003.dly  41.52  -84.86
 4100004 hu04100004.dly  40.70  -84.75
 4100005 hu04100005.dly  41.19  -84.81
 4100006 hu04100006.dly  41.60  -84.40
 4100007 hu04100007.dly  40.89  -84.37
 4100008 hu04100008.dly  40.94  -83.77
 4100009 hu04100009.dly  41.40  -83.96
 4100010 hu04100010.dly  41.49  -83.30
 4100011 hu04100011.dly  41.10  -83.06
 4100012 hu04100012.dly  41.22  -82.54
 4110001 hu04110001.dly  41.42  -82.06
 4110002 hu04110002.dly  41.21  -81.37
 4110003 hu04110003.dly  41.84  -81.30
 4110004 hu04110004.dly  41.59  -80.93
 4120101 hu04120101.dly  42.05  -80.11
 4120102 hu04120102.dly  42.47  -78.69
 4120103 hu04120103.dly  42.72  -78.69
 4120104 hu04120104.dly  42.98  -78.56
 4120200 hu04120200.dly  42.34  -80.89
 4130001 hu04130001.dly  43.24  -78.31
 4130002 hu04130002.dly  42.37  -77.97
 4130003 hu04130003.dly  42.90  -77.81
 4140101 hu04140101.dly  43.21  -77.05
 4140102 hu04140102.dly  43.64  -76.00
 4140201 hu04140201.dly  42.78  -76.78
 4140202 hu04140202.dly  43.20  -75.82
 4140203 hu04140203.dly  43.30  -76.40
 4150101 hu04150101.dly  43.74  -75.20
 4150102 hu04150102.dly  44.07  -76.06
 4150200 hu04150200.dly  43.54  -77.47
 4150301 hu04150301.dly  44.54  -75.63
 4150302 hu04150302.dly  44.22  -75.26
 4150303 hu04150303.dly  44.19  -75.76
 4150304 hu04150304.dly  44.44  -75.08
 4150305 hu04150305.dly  44.27  -74.54
 4150306 hu04150306.dly  44.63  -74.55
 4150307 hu04150307.dly  44.83  -74.18
 5010001 hu05010001.dly  41.97  -78.64
 5010002 hu05010002.dly  42.17  -79.21
 5010003 hu05010003.dly  41.53  -79.51
 5010004 hu05010004.dly  41.77  -79.97
 5010005 hu05010005.dly  41.37  -79.01
 5010006 hu05010006.dly  40.95  -79.20
 5010007 hu05010007.dly  40.36  -78.97
 5010008 hu05010008.dly  40.37  -79.44
 5010009 hu05010009.dly  40.67  -79.80
 5020001 hu05020001.dly  38.99  -80.01
 5020002 hu05020002.dly  39.20  -80.36
 5020003 hu05020003.dly  39.57  -80.10
 5020004 hu05020004.dly  39.20  -79.64
 5020005 hu05020005.dly  40.01  -80.01
 5020006 hu05020006.dly  39.87  -79.39
 5030101 hu05030101.dly  40.55  -80.52
 5030102 hu05030102.dly  41.34  -80.42
 5030103 hu05030103.dly  41.11  -80.88
 5030104 hu05030104.dly  40.82  -80.35
 5030105 hu05030105.dly  40.94  -80.03
 5030106 hu05030106.dly  40.00  -80.71
 5030201 hu05030201.dly  39.54  -81.02
 5030202 hu05030202.dly  39.03  -81.85
 5030203 hu05030203.dly  38.97  -81.03
 5030204 hu05030204.dly  39.55  -82.27
 5040001 hu05040001.dly  40.60  -81.42
 5040002 hu05040002.dly  40.75  -82.37
 5040003 hu05040003.dly  40.42  -81.97
 5040004 hu05040004.dly  39.82  -81.92
 5040005 hu05040005.dly  40.02  -81.52
 5040006 hu05040006.dly  40.10  -82.45
 5050001 hu05050001.dly  36.76  -80.98
 5050002 hu05050002.dly  37.35  -80.94
 5050003 hu05050003.dly  38.04  -80.23
 5050004 hu05050004.dly  37.86  -81.03
 5050005 hu05050005.dly  38.21  -80.68
 5050006 hu05050006.dly  38.13  -81.38
 5050007 hu05050007.dly  38.51  -80.83
 5050008 hu05050008.dly  38.58  -81.76
 5050009 hu05050009.dly  38.01  -81.65
 5060001 hu05060001.dly  40.24  -83.14
 5060002 hu05060002.dly  39.25  -82.80
 5060003 hu05060003.dly  39.43  -83.42
 5070101 hu05070101.dly  37.66  -81.65
 5070102 hu05070102.dly  38.20  -82.10
 5070201 hu05070201.dly  37.58  -82.05
 5070202 hu05070202.dly  37.22  -82.30
 5070203 hu05070203.dly  37.65  -82.72
 5070204 hu05070204.dly  38.13  -82.73
 5080001 hu05080001.dly  40.16  -84.14
 5080002 hu05080002.dly  39.60  -84.54
 5080003 hu05080003.dly  39.65  -85.03
 5090101 hu05090101.dly  38.88  -82.38
 5090102 hu05090102.dly  38.13  -82.36
 5090103 hu05090103.dly  38.64  -82.87
 5090104 hu05090104.dly  38.27  -82.95
 5090201 hu05090201.dly  38.80  -83.68
 5090202 hu05090202.dly  39.41  -83.99
 5090203 hu05090203.dly  39.03  -84.90
 5100101 hu05100101.dly  38.27  -83.73
 5100102 hu05100102.dly  38.29  -84.24
 5100201 hu05100201.dly  37.36  -83.15
 5100202 hu05100202.dly  37.19  -83.39
 5100203 hu05100203.dly  37.20  -83.68
 5100204 hu05100204.dly  37.70  -83.83
 5100205 hu05100205.dly  38.08  -84.65
 5110001 hu05110001.dly  37.29  -85.65
 5110002 hu05110002.dly  36.82  -86.19
 5110003 hu05110003.dly  37.16  -86.90
 5110004 hu05110004.dly  37.56  -86.53
 5110005 hu05110005.dly  37.66  -87.25
 5110006 hu05110006.dly  37.22  -87.32
 5120101 hu05120101.dly  40.76  -85.28
 5120102 hu05120102.dly  40.53  -85.30
 5120103 hu05120103.dly  40.39  -85.39
 5120104 hu05120104.dly  41.02  -85.76
 5120105 hu05120105.dly  40.63  -86.44
 5120106 hu05120106.dly  41.02  -86.43
 5120107 hu05120107.dly  40.39  -86.33
 5120108 hu05120108.dly  40.13  -87.21
 5120109 hu05120109.dly  40.26  -87.87
 5120110 hu05120110.dly  40.11  -86.73
 5120111 hu05120111.dly  39.33  -87.52
 5120112 hu05120112.dly  39.32  -88.03
 5120113 hu05120113.dly  38.29  -87.84
 5120114 hu05120114.dly  38.74  -88.36
 5120115 hu05120115.dly  38.38  -88.59
 5120201 hu05120201.dly  40.03  -86.02
 5120202 hu05120202.dly  38.94  -87.00
 5120203 hu05120203.dly  39.53  -86.87
 5120204 hu05120204.dly  39.67  -85.78
 5120205 hu05120205.dly  39.54  -85.57
 5120206 hu05120206.dly  39.16  -85.75
 5120207 hu05120207.dly  38.87  -85.67
 5120208 hu05120208.dly  38.82  -86.53
 5120209 hu05120209.dly  38.35  -86.97
 5130101 hu05130101.dly  36.78  -83.84
 5130102 hu05130102.dly  37.28  -84.17
 5130103 hu05130103.dly  36.96  -84.95
 5130104 hu05130104.dly  36.48  -84.61
 5130105 hu05130105.dly  36.46  -85.16
 5130106 hu05130106.dly  36.35  -85.61
 5130107 hu05130107.dly  35.59  -85.78
 5130108 hu05130108.dly  35.93  -85.57
 5130201 hu05130201.dly  36.33  -86.27
 5130202 hu05130202.dly  36.22  -86.85
 5130203 hu05130203.dly  35.91  -86.36
 5130204 hu05130204.dly  35.98  -87.00
 5130205 hu05130205.dly  36.72  -87.73
 5130206 hu05130206.dly  36.64  -87.06
 5140101 hu05140101.dly  38.50  -85.53
 5140102 hu05140102.dly  38.06  -85.38
 5140103 hu05140103.dly  37.69  -85.31
 5140104 hu05140104.dly  38.17  -86.22
 5140201 hu05140201.dly  38.00  -86.92
 5140202 hu05140202.dly  37.92  -87.65
 5140203 hu05140203.dly  37.44  -88.38
 5140204 hu05140204.dly  37.78  -88.52
 5140205 hu05140205.dly  37.31  -87.77
 5140206 hu05140206.dly  37.24  -88.87
 6010101 hu06010101.dly  36.81  -81.99
 6010102 hu06010102.dly  36.63  -81.97
 6010103 hu06010103.dly  36.31  -82.03
 6010104 hu06010104.dly  36.29  -83.28
 6010105 hu06010105.dly  35.61  -82.67
 6010106 hu06010106.dly  35.62  -83.04
 6010107 hu06010107.dly  35.88  -83.48
 6010108 hu06010108.dly  36.10  -82.57
 6010201 hu06010201.dly  35.80  -84.29
 6010202 hu06010202.dly  35.23  -83.50
 6010203 hu06010203.dly  35.40  -83.24
 6010204 hu06010204.dly  35.47  -84.07
 6010205 hu06010205.dly  36.73  -82.73
 6010206 hu06010206.dly  36.65  -83.31
 6010207 hu06010207.dly  36.06  -84.15
 6010208 hu06010208.dly  36.04  -84.79
 6020001 hu06020001.dly  35.15  -85.18
 6020002 hu06020002.dly  35.16  -84.29
 6020003 hu06020003.dly  34.91  -84.34
 6020004 hu06020004.dly  35.40  -85.39
 6030001 hu06030001.dly  34.68  -85.96
 6030002 hu06030002.dly  34.68  -86.71
 6030003 hu06030003.dly  35.23  -86.35
 6030004 hu06030004.dly  35.14  -87.09
 6030005 hu06030005.dly  34.87  -87.70
 6030006 hu06030006.dly  34.52  -87.92
 6040001 hu06040001.dly  35.42  -88.14
 6040002 hu06040002.dly  35.53  -86.52
 6040003 hu06040003.dly  35.78  -87.37
 6040004 hu06040004.dly  35.52  -87.64
 6040005 hu06040005.dly  36.28  -88.09
 6040006 hu06040006.dly  36.81  -88.42
 7010101 hu07010101.dly  47.54  -94.44
 7010102 hu07010102.dly  47.15  -94.40
 7010103 hu07010103.dly  47.08  -93.32
 7010104 hu07010104.dly  46.33  -94.01
 7010105 hu07010105.dly  46.75  -94.20
 7010106 hu07010106.dly  46.72  -94.85
 7010107 hu07010107.dly  46.45  -95.22
 7010108 hu07010108.dly  46.08  -95.04
 7010201 hu07010201.dly  45.85  -94.24
 7010202 hu07010202.dly  45.66  -94.81
 7010203 hu07010203.dly  45.46  -93.95
 7010204 hu07010204.dly  45.17  -94.49
 7010205 hu07010205.dly  44.86  -94.48
 7010206 hu07010206.dly  45.04  -93.25
 7010207 hu07010207.dly  45.75  -93.65
 7020001 hu07020001.dly  45.35  -96.67
 7020002 hu07020002.dly  45.77  -95.92
 7020003 hu07020003.dly  44.82  -96.32
 7020004 hu07020004.dly  44.76  -95.57
 7020005 hu07020005.dly  45.47  -95.54
 7020006 hu07020006.dly  44.49  -95.79
 7020007 hu07020007.dly  44.37  -94.46
 7020008 hu07020008.dly  44.24  -95.29
 7020009 hu07020009.dly  43.63  -94.22
 7020010 hu07020010.dly  43.97  -94.66
 7020011 hu07020011.dly  43.93  -93.77
 7020012 hu07020012.dly  44.62  -93.87
 7030001 hu07030001.dly  46.12  -92.43
 7030002 hu07030002.dly  46.07  -91.66
 7030003 hu07030003.dly  46.35  -92.87
 7030004 hu07030004.dly  46.00  -93.26
 7030005 hu07030005.dly  45.36  -92.66
 7040001 hu07040001.dly  44.68  -92.49
 7040002 hu07040002.dly  44.31  -93.35
 7040003 hu07040003.dly  44.26  -91.77
 7040004 hu07040004.dly  44.15  -92.62
 7040005 hu07040005.dly  44.32  -91.31
 7040006 hu07040006.dly  43.91  -91.01
 7040007 hu07040007.dly  44.52  -90.67
 7040008 hu07040008.dly  43.75  -92.04
 7050001 hu07050001.dly  45.81  -91.07
 7050002 hu07050002.dly  46.12  -90.19
 7050003 hu07050003.dly  45.79  -90.34
 7050004 hu07050004.dly  45.45  -90.57
 7050005 hu07050005.dly  44.91  -91.50
 7050006 hu07050006.dly  44.80  -91.00
 7050007 hu07050007.dly  45.31  -91.82
 7060001 hu07060001.dly  43.40  -91.22
 7060002 hu07060002.dly  43.42  -91.90
 7060003 hu07060003.dly  42.77  -90.80
 7060004 hu07060004.dly  42.98  -91.76
 7060005 hu07060005.dly  42.32  -90.27
 7060006 hu07060006.dly  42.30  -91.03
 7070001 hu07070001.dly  45.75  -89.52
 7070002 hu07070002.dly  45.06  -89.73
 7070003 hu07070003.dly  44.19  -89.92
 7070004 hu07070004.dly  43.58  -90.07
 7070005 hu07070005.dly  43.24  -90.17
 7070006 hu07070006.dly  43.53  -90.72
 7080101 hu07080101.dly  41.56  -90.60
 7080102 hu07080102.dly  42.69  -92.09
 7080103 hu07080103.dly  41.85  -90.80
 7080104 hu07080104.dly  40.94  -90.86
 7080105 hu07080105.dly  41.86  -93.27
 7080106 hu07080106.dly  41.55  -92.66
 7080107 hu07080107.dly  41.07  -91.81
 7080201 hu07080201.dly  43.39  -92.82
 7080202 hu07080202.dly  43.20  -93.04
 7080203 hu07080203.dly  43.29  -93.44
 7080204 hu07080204.dly  42.81  -93.13
 7080205 hu07080205.dly  42.30  -92.35
 7080206 hu07080206.dly  41.74  -91.26
 7080207 hu07080207.dly  42.55  -93.48
 7080208 hu07080208.dly  41.92  -92.43
 7080209 hu07080209.dly  41.57  -91.73
 7090001 hu07090001.dly  43.35  -88.74
 7090002 hu07090002.dly  42.89  -89.00
 7090003 hu07090003.dly  42.59  -89.81
 7090004 hu07090004.dly  42.75  -89.49
 7090005 hu07090005.dly  41.92  -89.60
 7090006 hu07090006.dly  42.16  -88.73
 7090007 hu07090007.dly  41.53  -89.73
 7100001 hu07100001.dly  43.89  -95.54
 7100002 hu07100002.dly  43.12  -94.66
 7100003 hu07100003.dly  43.23  -94.32
 7100004 hu07100004.dly  42.33  -94.06
 7100005 hu07100005.dly  42.76  -93.87
 7100006 hu07100006.dly  42.29  -94.60
 7100007 hu07100007.dly  41.80  -94.54
 7100008 hu07100008.dly  41.34  -93.70
 7100009 hu07100009.dly  40.95  -92.48
 7110001 hu07110001.dly  40.35  -91.70
 7110002 hu07110002.dly  40.36  -92.17
 7110003 hu07110003.dly  40.07  -92.02
 7110004 hu07110004.dly  39.65  -91.08
 7110005 hu07110005.dly  39.86  -92.22
 7110006 hu07110006.dly  39.40  -92.12
 7110007 hu07110007.dly  39.48  -91.50
 7110008 hu07110008.dly  39.07  -91.22
 7110009 hu07110009.dly  38.90  -90.43
 7120001 hu07120001.dly  41.34  -87.08
 7120002 hu07120002.dly  40.80  -87.60
 7120003 hu07120003.dly  41.69  -87.68
 7120004 hu07120004.dly  41.91  -88.01
 7120005 hu07120005.dly  41.26  -88.43
 7120006 hu07120006.dly  42.58  -88.29
 7120007 hu07120007.dly  41.69  -88.62
 7130001 hu07130001.dly  41.20  -89.29
 7130002 hu07130002.dly  40.91  -88.63
 7130003 hu07130003.dly  40.36  -89.96
 7130004 hu07130004.dly  40.61  -89.09
 7130005 hu07130005.dly  40.83  -90.15
 7130006 hu07130006.dly  40.03  -88.80
 7130007 hu07130007.dly  39.56  -89.43
 7130008 hu07130008.dly  39.97  -89.87
 7130009 hu07130009.dly  40.22  -89.16
 7130010 hu07130010.dly  40.35  -90.81
 7130011 hu07130011.dly  39.63  -90.49
 7130012 hu07130012.dly  39.28  -90.05
 7140101 hu07140101.dly  38.44  -90.20
 7140102 hu07140102.dly  37.98  -91.18
 7140103 hu07140103.dly  38.24  -91.39
 7140104 hu07140104.dly  38.00  -90.69
 7140105 hu07140105.dly  37.64  -89.70
 7140106 hu07140106.dly  38.00  -89.14
 7140107 hu07140107.dly  37.36  -90.01
 7140108 hu07140108.dly  37.28  -89.20
 7140201 hu07140201.dly  39.60  -88.65
 7140202 hu07140202.dly  38.81  -89.11
 7140203 hu07140203.dly  39.01  -89.48
 7140204 hu07140204.dly  38.46  -89.81
 8010100 hu08010100.dly  36.03  -89.71
 8010201 hu08010201.dly  36.73  -88.85
 8010202 hu08010202.dly  36.35  -89.04
 8010203 hu08010203.dly  36.11  -88.65
 8010204 hu08010204.dly  35.90  -89.00
 8010205 hu08010205.dly  35.61  -88.93
 8010206 hu08010206.dly  35.99  -89.52
 8010207 hu08010207.dly  34.94  -88.70
 8010208 hu08010208.dly  35.42  -89.26
 8010209 hu08010209.dly  35.32  -89.64
 8010210 hu08010210.dly  35.06  -89.45
 8010211 hu08010211.dly  35.02  -89.93
 8020100 hu08020100.dly  34.35  -90.73
 8020201 hu08020201.dly  36.84  -89.40
 8020202 hu08020202.dly  37.41  -90.48
 8020203 hu08020203.dly  35.40  -90.41
 8020204 hu08020204.dly  36.45  -89.90
 8020205 hu08020205.dly  35.27  -90.86
 8020301 hu08020301.dly  35.03  -91.76
 8020302 hu08020302.dly  35.66  -91.01
 8020303 hu08020303.dly  34.40  -91.21
 8020304 hu08020304.dly  34.68  -90.97
 8020401 hu08020401.dly  34.26  -91.73
 8020402 hu08020402.dly  34.65  -91.75
 8030100 hu08030100.dly  33.13  -91.12
 8030201 hu08030201.dly  34.53  -89.32
 8030202 hu08030202.dly  34.12  -90.18
 8030203 hu08030203.dly  34.22  -89.60
 8030204 hu08030204.dly  34.69  -90.00
 8030205 hu08030205.dly  33.83  -89.62
 8030206 hu08030206.dly  33.14  -90.26
 8030207 hu08030207.dly  33.55  -90.68
 8030208 hu08030208.dly  32.51  -90.77
 8030209 hu08030209.dly  32.98  -90.98
 8040101 hu08040101.dly  34.58  -93.53
 8040102 hu08040102.dly  34.16  -92.91
 8040103 hu08040103.dly  33.97  -93.46
 8040201 hu08040201.dly  33.54  -92.65
 8040202 hu08040202.dly  33.01  -92.24
 8040203 hu08040203.dly  34.42  -92.58
 8040204 hu08040204.dly  33.63  -92.04
 8040205 hu08040205.dly  33.55  -91.63
 8040206 hu08040206.dly  32.83  -92.73
 8040207 hu08040207.dly  32.11  -92.11
 8040301 hu08040301.dly  31.28  -92.01
 8040302 hu08040302.dly  32.09  -92.33
 8040303 hu08040303.dly  32.16  -92.70
 8040304 hu08040304.dly  31.63  -92.24
 8040305 hu08040305.dly  31.46  -91.82
 8040306 hu08040306.dly  31.49  -91.65
 8050001 hu08050001.dly  32.74  -91.68
 8050002 hu08050002.dly  33.05  -91.23
 8050003 hu08050003.dly  32.22  -91.32
 8060100 hu08060100.dly  31.86  -91.21
 8060201 hu08060201.dly  33.30  -89.57
 8060202 hu08060202.dly  32.50  -90.36
 8060203 hu08060203.dly  31.91  -90.69
 8060204 hu08060204.dly  31.71  -91.15
 8060205 hu08060205.dly  31.47  -90.96
 8060206 hu08060206.dly  31.18  -91.31
 8070100 hu08070100.dly  30.55  -91.26
 8070201 hu08070201.dly  30.88  -91.33
 8070202 hu08070202.dly  30.79  -90.91
 8070203 hu08070203.dly  30.67  -90.63
 8070204 hu08070204.dly  30.21  -90.65
 8070205 hu08070205.dly  30.85  -90.43
 8070300 hu08070300.dly  30.43  -91.39
 8080101 hu08080101.dly  30.18  -91.55
 8080102 hu08080102.dly  30.71  -92.11
 8080103 hu08080103.dly  29.85  -91.91
 8080201 hu08080201.dly  30.51  -92.44
 8080202 hu08080202.dly  29.90  -92.62
 8080203 hu08080203.dly  30.76  -92.77
 8080204 hu08080204.dly  30.88  -93.04
 8080205 hu08080205.dly  30.49  -93.41
 8080206 hu08080206.dly  29.97  -93.40
 8090100 hu08090100.dly  29.17  -89.29
 8090201 hu08090201.dly  30.50  -90.04
 8090202 hu08090202.dly  30.18  -90.13
 8090203 hu08090203.dly  29.81  -89.46
 8090301 hu08090301.dly  29.61  -90.21
 8090302 hu08090302.dly  29.43  -90.80
 9010001 hu09010001.dly  48.90 -103.02
 9010002 hu09010002.dly  48.63 -102.06
 9010003 hu09010003.dly  48.49 -100.50
 9010004 hu09010004.dly  48.61 -100.06
 9010005 hu09010005.dly  48.53 -101.16
 9020101 hu09020101.dly  45.94  -96.60
 9020102 hu09020102.dly  45.77  -96.25
 9020103 hu09020103.dly  46.57  -95.84
 9020104 hu09020104.dly  46.63  -96.67
 9020105 hu09020105.dly  46.19  -97.29
 9020106 hu09020106.dly  46.82  -96.31
 9020107 hu09020107.dly  47.29  -96.96
 9020108 hu09020108.dly  47.24  -96.02
 9020109 hu09020109.dly  47.60  -97.62
 9020201 hu09020201.dly  48.33  -98.93
 9020202 hu09020202.dly  47.88  -99.90
 9020203 hu09020203.dly  47.53  -98.36
 9020204 hu09020204.dly  46.58  -97.93
 9020205 hu09020205.dly  46.86  -97.54
 9020301 hu09020301.dly  47.64  -96.74
 9020302 hu09020302.dly  48.00  -94.75
 9020303 hu09020303.dly  47.95  -96.13
 9020304 hu09020304.dly  48.34  -95.70
 9020305 hu09020305.dly  47.74  -95.68
 9020306 hu09020306.dly  48.06  -96.88
 9020307 hu09020307.dly  48.00  -97.55
 9020308 hu09020308.dly  48.23  -97.72
 9020309 hu09020309.dly  48.27  -96.61
 9020310 hu09020310.dly  48.53  -97.75
 9020311 hu09020311.dly  48.65  -96.94
 9020312 hu09020312.dly  48.76  -96.50
 9020313 hu09020313.dly  48.86  -98.46
 9020314 hu09020314.dly  48.79  -95.80
 9030001 hu09030001.dly  47.93  -91.56
 9030002 hu09030002.dly  47.96  -92.49
 9030003 hu09030003.dly  48.42  -93.00
 9030004 hu09030004.dly  48.48  -94.02
 9030005 hu09030005.dly  47.94  -93.09
 9030006 hu09030006.dly  47.91  -93.84
 9030007 hu09030007.dly  48.45  -94.68
 9030008 hu09030008.dly  48.66  -94.77
 9030009 hu09030009.dly  48.95  -95.05
10040101 hu10040101.dly  47.86 -109.69
10040102 hu10040102.dly  47.48 -110.25
10040103 hu10040103.dly  47.08 -109.86
10040104 hu10040104.dly  47.67 -107.64
10040105 hu10040105.dly  47.29 -106.95
10040106 hu10040106.dly  47.02 -106.43
10040201 hu10040201.dly  46.41 -109.60
10040202 hu10040202.dly  46.63 -108.16
10040203 hu10040203.dly  46.87 -108.65
10040204 hu10040204.dly  47.12 -108.77
10040205 hu10040205.dly  47.25 -108.04
10050002 hu10050002.dly  48.97 -110.62
10050003 hu10050003.dly  48.95 -110.01
10050004 hu10050004.dly  48.52 -108.74
10050005 hu10050005.dly  48.28 -110.09
10050006 hu10050006.dly  48.70 -110.59
10050007 hu10050007.dly  48.85 -109.55
10050008 hu10050008.dly  48.86 -109.21
10050009 hu10050009.dly  48.18 -108.72
10050010 hu10050010.dly  48.80 -108.38
10050011 hu10050011.dly  48.85 -107.69
10050012 hu10050012.dly  48.20 -106.80
10050013 hu10050013.dly  48.77 -107.28
10050014 hu10050014.dly  48.06 -107.62
10050015 hu10050015.dly  48.78 -106.90
10050016 hu10050016.dly  48.56 -106.39
10060001 hu10060001.dly  48.10 -105.85
10060002 hu10060002.dly  47.56 -105.42
10060003 hu10060003.dly  48.73 -105.41
10060004 hu10060004.dly  48.72 -105.95
10060005 hu10060005.dly  48.05 -104.51
10060006 hu10060006.dly  48.59 -104.64
10060007 hu10060007.dly  48.81 -104.01
10070004 hu10070004.dly  45.77 -109.10
10070005 hu10070005.dly  45.36 -109.72
10070006 hu10070006.dly  45.06 -109.25
10070007 hu10070007.dly  46.03 -108.21
10070008 hu10070008.dly  45.53 -108.40
10080001 hu10080001.dly  43.42 -109.31
10080002 hu10080002.dly  42.98 -108.58
10080003 hu10080003.dly  42.74 -108.77
10080004 hu10080004.dly  42.92 -107.88
10080005 hu10080005.dly  43.28 -108.28
10080006 hu10080006.dly  43.33 -107.64
10080007 hu10080007.dly  43.89 -108.33
10080008 hu10080008.dly  44.02 -107.45
10080009 hu10080009.dly  44.15 -108.98
10080010 hu10080010.dly  44.81 -107.99
10080011 hu10080011.dly  44.44 -108.67
10080012 hu10080012.dly  44.47 -109.72
10080013 hu10080013.dly  44.18 -109.54
10080014 hu10080014.dly  44.77 -108.72
10080015 hu10080015.dly  45.66 -107.73
10080016 hu10080016.dly  45.17 -107.39
10090101 hu10090101.dly  44.92 -106.88
10090102 hu10090102.dly  45.72 -106.00
10090201 hu10090201.dly  43.69 -106.94
10090202 hu10090202.dly  44.13 -106.07
10090203 hu10090203.dly  43.25 -106.92
10090204 hu10090204.dly  43.37 -106.30
10090205 hu10090205.dly  44.18 -106.61
10090206 hu10090206.dly  44.53 -106.58
10090207 hu10090207.dly  45.11 -105.73
10090208 hu10090208.dly  44.82 -105.35
10090209 hu10090209.dly  45.94 -105.03
10090210 hu10090210.dly  45.80 -105.44
10100001 hu10100001.dly  46.40 -106.59
10100002 hu10100002.dly  46.66 -107.16
10100003 hu10100003.dly  45.70 -106.71
10100004 hu10100004.dly  47.26 -104.63
10100005 hu10100005.dly  46.36 -104.70
10110101 hu10110101.dly  48.04 -102.45
10110102 hu10110102.dly  48.46 -103.56
10110201 hu10110201.dly  45.45 -104.10
10110202 hu10110202.dly  45.63 -104.45
10110203 hu10110203.dly  46.71 -103.65
10110204 hu10110204.dly  46.96 -104.03
10110205 hu10110205.dly  47.55 -103.10
10120101 hu10120101.dly  43.45 -105.63
10120102 hu10120102.dly  43.23 -105.51
10120103 hu10120103.dly  43.63 -104.88
10120104 hu10120104.dly  43.10 -104.55
10120105 hu10120105.dly  43.07 -105.10
10120106 hu10120106.dly  43.32 -103.81
10120107 hu10120107.dly  43.84 -104.23
10120108 hu10120108.dly  42.97 -103.84
10120109 hu10120109.dly  43.67 -103.21
10120110 hu10120110.dly  44.03 -103.37
10120111 hu10120111.dly  44.14 -102.81
10120112 hu10120112.dly  44.49 -101.80
10120113 hu10120113.dly  44.83 -102.35
10120201 hu10120201.dly  44.20 -105.04
10120202 hu10120202.dly  44.67 -103.44
10120203 hu10120203.dly  44.44 -104.06
10130101 hu10130101.dly  47.32 -100.90
10130102 hu10130102.dly  46.00 -100.46
10130103 hu10130103.dly  46.87  -99.94
10130104 hu10130104.dly  46.28  -99.87
10130105 hu10130105.dly  44.90 -100.43
10130106 hu10130106.dly  45.74  -99.41
10130201 hu10130201.dly  47.20 -102.26
10130202 hu10130202.dly  46.81 -102.69
10130203 hu10130203.dly  46.73 -101.54
10130204 hu10130204.dly  46.41 -102.36
10130205 hu10130205.dly  46.14 -102.31
10130206 hu10130206.dly  46.35 -101.10
10130301 hu10130301.dly  45.99 -103.12
10130302 hu10130302.dly  45.65 -103.08
10130303 hu10130303.dly  45.71 -101.59
10130304 hu10130304.dly  45.14 -103.46
10130305 hu10130305.dly  45.28 -102.80
10130306 hu10130306.dly  45.24 -101.50
10140101 hu10140101.dly  43.70  -99.28
10140102 hu10140102.dly  44.12 -101.25
10140103 hu10140103.dly  44.61  -99.78
10140104 hu10140104.dly  43.96 -100.06
10140105 hu10140105.dly  44.13  -99.06
10140201 hu10140201.dly  43.10 -102.79
10140202 hu10140202.dly  43.57 -101.52
10140203 hu10140203.dly  43.16 -101.16
10140204 hu10140204.dly  43.59 -100.13
10150001 hu10150001.dly  43.01  -99.04
10150002 hu10150002.dly  42.55 -103.91
10150003 hu10150003.dly  42.44 -102.57
10150004 hu10150004.dly  42.69 -100.51
10150005 hu10150005.dly  42.58 -101.49
10150006 hu10150006.dly  43.05 -100.00
10150007 hu10150007.dly  42.61  -98.50
10160001 hu10160001.dly  47.61  -99.25
10160002 hu10160002.dly  47.21  -99.22
10160003 hu10160003.dly  46.27  -98.21
10160004 hu10160004.dly  46.06  -98.75
10160005 hu10160005.dly  45.39  -97.88
10160006 hu10160006.dly  44.60  -98.19
10160007 hu10160007.dly  45.31  -99.34
10160008 hu10160008.dly  45.29  -98.94
10160009 hu10160009.dly  44.71  -99.06
10160010 hu10160010.dly  43.64  -97.94
10170101 hu10170101.dly  42.81  -97.66
10170102 hu10170102.dly  43.40  -97.16
10170103 hu10170103.dly  44.36  -97.40
10170201 hu10170201.dly  45.10  -97.24
10170202 hu10170202.dly  44.52  -97.07
10170203 hu10170203.dly  43.55  -96.63
10170204 hu10170204.dly  43.56  -96.05
10180001 hu10180001.dly  40.63 -106.31
10180002 hu10180002.dly  41.42 -106.79
10180003 hu10180003.dly  42.18 -106.83
10180004 hu10180004.dly  41.82 -106.24
10180005 hu10180005.dly  42.22 -106.10
10180006 hu10180006.dly  42.49 -107.86
10180007 hu10180007.dly  42.79 -106.31
10180008 hu10180008.dly  42.53 -105.16
10180009 hu10180009.dly  41.87 -103.40
10180010 hu10180010.dly  41.27 -105.84
10180011 hu10180011.dly  41.94 -105.22
10180012 hu10180012.dly  41.62 -104.56
10180013 hu10180013.dly  41.55 -103.61
10180014 hu10180014.dly  41.40 -101.55
10190001 hu10190001.dly  39.10 -105.75
10190002 hu10190002.dly  39.39 -105.25
10190003 hu10190003.dly  39.97 -104.56
10190004 hu10190004.dly  39.76 -105.49
10190005 hu10190005.dly  40.08 -105.31
10190006 hu10190006.dly  40.40 -105.32
10190007 hu10190007.dly  40.73 -105.29
10190008 hu10190008.dly  40.84 -104.84
10190009 hu10190009.dly  40.91 -104.59
10190010 hu10190010.dly  39.64 -104.40
10190011 hu10190011.dly  39.58 -104.12
10190012 hu10190012.dly  40.49 -103.23
10190013 hu10190013.dly  39.81 -103.60
10190014 hu10190014.dly  40.72 -103.78
10190015 hu10190015.dly  41.24 -104.54
10190016 hu10190016.dly  41.23 -103.36
10190017 hu10190017.dly  41.07 -103.63
10190018 hu10190018.dly  41.07 -101.68
10200101 hu10200101.dly  40.94  -99.96
10200102 hu10200102.dly  40.79  -99.14
10200103 hu10200103.dly  41.14  -98.05
10200201 hu10200201.dly  41.54  -97.34
10200202 hu10200202.dly  41.18  -96.33
10200203 hu10200203.dly  40.99  -96.69
10210001 hu10210001.dly  42.05 -101.41
10210002 hu10210002.dly  41.77 -101.08
10210003 hu10210003.dly  41.56  -99.29
10210004 hu10210004.dly  41.24  -99.76
10210005 hu10210005.dly  41.30  -99.38
10210006 hu10210006.dly  42.19 -100.56
10210007 hu10210007.dly  41.56  -98.89
10210008 hu10210008.dly  42.15  -99.68
10210009 hu10210009.dly  41.61  -97.90
10210010 hu10210010.dly  41.77  -98.61
10220001 hu10220001.dly  42.24  -98.67
10220002 hu10220002.dly  42.27  -97.62
10220003 hu10220003.dly  41.77  -96.93
10220004 hu10220004.dly  42.20  -96.91
10230001 hu10230001.dly  42.07  -96.15
10230002 hu10230002.dly  42.96  -96.03
10230003 hu10230003.dly  43.03  -95.43
10230004 hu10230004.dly  42.44  -96.05
10230005 hu10230005.dly  42.42  -95.52
10230006 hu10230006.dly  41.39  -95.90
10230007 hu10230007.dly  41.98  -95.48
10240001 hu10240001.dly  40.93  -95.85
10240002 hu10240002.dly  41.38  -95.35
10240003 hu10240003.dly  41.35  -95.05
10240004 hu10240004.dly  40.60  -95.62
10240005 hu10240005.dly  40.28  -95.33
10240006 hu10240006.dly  40.57  -96.13
10240007 hu10240007.dly  39.99  -96.09
10240008 hu10240008.dly  40.20  -95.97
10240009 hu10240009.dly  41.15  -94.82
10240010 hu10240010.dly  40.55  -94.92
10240011 hu10240011.dly  39.54  -94.95
10240012 hu10240012.dly  40.01  -94.65
10240013 hu10240013.dly  40.51  -94.77
10250001 hu10250001.dly  39.68 -102.85
10250002 hu10250002.dly  40.18 -102.59
10250003 hu10250003.dly  39.48 -102.47
10250004 hu10250004.dly  40.08 -101.12
10250005 hu10250005.dly  40.51 -101.95
10250006 hu10250006.dly  40.75 -101.82
10250007 hu10250007.dly  40.66 -100.98
10250008 hu10250008.dly  40.69 -100.59
10250009 hu10250009.dly  40.38  -99.82
10250010 hu10250010.dly  39.52 -101.19
10250011 hu10250011.dly  39.96 -100.10
10250012 hu10250012.dly  39.43 -101.80
10250013 hu10250013.dly  39.64 -101.57
10250014 hu10250014.dly  40.02 -100.41
10250015 hu10250015.dly  39.74 -100.18
10250016 hu10250016.dly  40.10  -98.63
10250017 hu10250017.dly  39.55  -97.48
10260001 hu10260001.dly  38.96 -101.90
10260002 hu10260002.dly  39.17 -101.99
10260003 hu10260003.dly  38.79 -100.50
10260004 hu10260004.dly  38.71 -101.58
10260005 hu10260005.dly  39.00 -100.67
10260006 hu10260006.dly  38.72  -98.86
10260007 hu10260007.dly  38.95  -99.65
10260008 hu10260008.dly  38.80  -97.35
10260009 hu10260009.dly  39.12  -99.69
10260010 hu10260010.dly  38.99  -98.17
10260011 hu10260011.dly  39.57 -100.00
10260012 hu10260012.dly  39.74  -98.93
10260013 hu10260013.dly  39.34 -100.20
10260014 hu10260014.dly  39.38  -98.98
10260015 hu10260015.dly  39.32  -97.95
10270101 hu10270101.dly  39.02  -96.71
10270102 hu10270102.dly  39.21  -96.08
10270103 hu10270103.dly  39.50  -95.62
10270104 hu10270104.dly  39.06  -95.21
10270201 hu10270201.dly  41.05  -97.54
10270202 hu10270202.dly  40.40  -96.79
10270203 hu10270203.dly  40.73  -97.81
10270204 hu10270204.dly  40.53  -97.25
10270205 hu10270205.dly  39.69  -96.58
10270206 hu10270206.dly  40.35  -98.16
10270207 hu10270207.dly  39.95  -97.18
10280101 hu10280101.dly  40.15  -94.15
10280102 hu10280102.dly  40.57  -93.68
10280103 hu10280103.dly  39.99  -93.23
10280201 hu10280201.dly  40.74  -93.01
10280202 hu10280202.dly  39.87  -92.80
10280203 hu10280203.dly  39.53  -92.57
10290101 hu10290101.dly  38.55  -95.54
10290102 hu10290102.dly  38.37  -94.73
10290103 hu10290103.dly  38.02  -94.74
10290104 hu10290104.dly  37.76  -94.66
10290105 hu10290105.dly  38.06  -93.82
10290106 hu10290106.dly  37.51  -93.70
10290107 hu10290107.dly  37.72  -93.27
10290108 hu10290108.dly  38.50  -94.06
10290109 hu10290109.dly  38.23  -92.83
10290110 hu10290110.dly  37.77  -92.95
10290111 hu10290111.dly  38.24  -92.24
10290201 hu10290201.dly  37.48  -92.43
10290202 hu10290202.dly  37.45  -92.01
10290203 hu10290203.dly  38.17  -91.85
10300101 hu10300101.dly  39.22  -94.01
10300102 hu10300102.dly  38.83  -92.37
10300103 hu10300103.dly  38.68  -93.17
10300104 hu10300104.dly  38.94  -93.55
10300200 hu10300200.dly  38.71  -91.14
11010001 hu11010001.dly  36.22  -93.70
11010002 hu11010002.dly  37.01  -93.36
11010003 hu11010003.dly  36.56  -92.88
11010004 hu11010004.dly  35.93  -91.94
11010005 hu11010005.dly  35.96  -92.92
11010006 hu11010006.dly  36.71  -92.25
11010007 hu11010007.dly  37.06  -90.74
11010008 hu11010008.dly  37.04  -91.24
11010009 hu11010009.dly  36.13  -91.02
11010010 hu11010010.dly  36.45  -91.59
11010011 hu11010011.dly  36.73  -91.44
11010012 hu11010012.dly  36.12  -91.59
11010013 hu11010013.dly  35.63  -91.28
11010014 hu11010014.dly  35.64  -92.15
11020001 hu11020001.dly  38.61 -105.89
11020002 hu11020002.dly  38.36 -104.98
11020003 hu11020003.dly  38.78 -104.78
11020004 hu11020004.dly  38.73 -104.44
11020005 hu11020005.dly  38.12 -103.81
11020006 hu11020006.dly  37.73 -104.89
11020007 hu11020007.dly  37.64 -104.38
11020008 hu11020008.dly  38.58 -103.82
11020009 hu11020009.dly  38.13 -102.89
11020010 hu11020010.dly  37.32 -104.07
11020011 hu11020011.dly  38.88 -103.11
11020012 hu11020012.dly  38.83 -103.38
11020013 hu11020013.dly  37.62 -102.78
11030001 hu11030001.dly  38.08 -101.44
11030002 hu11030002.dly  38.47 -101.66
11030003 hu11030003.dly  37.76 -100.66
11030004 hu11030004.dly  37.99  -99.32
11030005 hu11030005.dly  38.20 -100.10
11030006 hu11030006.dly  37.98  -99.99
11030007 hu11030007.dly  38.49 -100.35
11030008 hu11030008.dly  38.48  -99.41
11030009 hu11030009.dly  37.84  -99.07
11030010 hu11030010.dly  38.00  -97.98
11030011 hu11030011.dly  38.43  -98.43
11030012 hu11030012.dly  38.18  -97.63
11030013 hu11030013.dly  37.31  -97.13
11030014 hu11030014.dly  37.83  -98.35
11030015 hu11030015.dly  37.64  -98.32
11030016 hu11030016.dly  37.49  -97.53
11030017 hu11030017.dly  37.91  -96.94
11030018 hu11030018.dly  37.49  -96.88
11040001 hu11040001.dly  36.97 -103.45
11040002 hu11040002.dly  37.05 -102.27
11040003 hu11040003.dly  37.26 -101.84
11040004 hu11040004.dly  37.30 -102.35
11040005 hu11040005.dly  37.61 -102.07
11040006 hu11040006.dly  37.17 -101.00
11040007 hu11040007.dly  37.39 -100.53
11040008 hu11040008.dly  37.19  -99.80
11050001 hu11050001.dly  36.65  -99.04
11050002 hu11050002.dly  36.05  -97.96
11050003 hu11050003.dly  36.06  -96.92
11060001 hu11060001.dly  37.04  -96.81
11060002 hu11060002.dly  37.09  -99.00
11060003 hu11060003.dly  37.27  -98.76
11060004 hu11060004.dly  36.82  -97.91
11060005 hu11060005.dly  37.20  -97.81
11060006 hu11060006.dly  36.45  -96.98
11070101 hu11070101.dly  37.86  -95.98
11070102 hu11070102.dly  37.72  -96.23
11070103 hu11070103.dly  36.96  -95.56
11070104 hu11070104.dly  37.40  -96.10
11070105 hu11070105.dly  36.15  -95.57
11070106 hu11070106.dly  36.93  -96.15
11070107 hu11070107.dly  36.46  -96.19
11070201 hu11070201.dly  38.55  -96.28
11070202 hu11070202.dly  38.33  -97.07
11070203 hu11070203.dly  38.36  -96.56
11070204 hu11070204.dly  37.96  -95.54
11070205 hu11070205.dly  37.37  -95.12
11070206 hu11070206.dly  36.74  -94.82
11070207 hu11070207.dly  37.16  -94.31
11070208 hu11070208.dly  36.61  -94.29
11070209 hu11070209.dly  36.36  -95.09
11080001 hu11080001.dly  36.74 -104.61
11080002 hu11080002.dly  36.52 -105.02
11080003 hu11080003.dly  35.99 -104.56
11080004 hu11080004.dly  35.90 -105.07
11080005 hu11080005.dly  35.35 -104.58
11080006 hu11080006.dly  35.38 -103.82
11080007 hu11080007.dly  36.01 -103.84
11080008 hu11080008.dly  35.03 -103.65
11090101 hu11090101.dly  35.41 -102.95
11090102 hu11090102.dly  35.96 -103.12
11090103 hu11090103.dly  36.24 -102.77
11090104 hu11090104.dly  36.34 -103.41
11090105 hu11090105.dly  35.53 -102.03
11090106 hu11090106.dly  35.80 -100.92
11090201 hu11090201.dly  35.94  -99.16
11090202 hu11090202.dly  35.06  -97.37
11090203 hu11090203.dly  35.16  -96.97
11090204 hu11090204.dly  35.03  -95.68
11100101 hu11100101.dly  36.67 -102.50
11100102 hu11100102.dly  36.80 -101.08
11100103 hu11100103.dly  36.28 -102.00
11100104 hu11100104.dly  36.07 -101.50
11100201 hu11100201.dly  36.60 -100.29
11100202 hu11100202.dly  36.21 -100.71
11100203 hu11100203.dly  36.31  -99.91
11100301 hu11100301.dly  36.06  -98.63
11100302 hu11100302.dly  35.34  -96.54
11100303 hu11100303.dly  35.65  -96.58
11110101 hu11110101.dly  35.90  -95.92
11110102 hu11110102.dly  35.60  -95.28
11110103 hu11110103.dly  36.00  -94.58
11110104 hu11110104.dly  35.44  -94.75
11110105 hu11110105.dly  34.97  -94.64
11110201 hu11110201.dly  35.54  -94.01
11110202 hu11110202.dly  35.47  -93.40
11110203 hu11110203.dly  35.13  -92.72
11110204 hu11110204.dly  35.08  -93.63
11110205 hu11110205.dly  35.30  -92.33
11110206 hu11110206.dly  34.90  -93.46
11110207 hu11110207.dly  34.63  -92.29
11120101 hu11120101.dly  34.80 -102.80
11120102 hu11120102.dly  35.07 -102.50
11120103 hu11120103.dly  34.85 -101.45
11120104 hu11120104.dly  34.58 -101.88
11120105 hu11120105.dly  34.64 -100.51
11120201 hu11120201.dly  35.06 -100.91
11120202 hu11120202.dly  34.85  -99.92
11120301 hu11120301.dly  35.34 -101.05
11120302 hu11120302.dly  35.35  -99.97
11120303 hu11120303.dly  34.90  -99.17
11120304 hu11120304.dly  35.06  -99.89
11130101 hu11130101.dly  34.45  -99.76
11130102 hu11130102.dly  34.18  -98.86
11130103 hu11130103.dly  34.30 -100.91
11130104 hu11130104.dly  34.00 -100.78
11130105 hu11130105.dly  34.09  -99.66
11130201 hu11130201.dly  34.00  -97.66
11130202 hu11130202.dly  34.67  -98.41
11130203 hu11130203.dly  34.46  -98.70
11130204 hu11130204.dly  33.87 -100.11
11130205 hu11130205.dly  33.65 -100.13
11130206 hu11130206.dly  33.85  -98.85
11130207 hu11130207.dly  33.93  -99.30
11130208 hu11130208.dly  34.47  -98.08
11130209 hu11130209.dly  33.68  -98.49
11130210 hu11130210.dly  33.90  -96.92
11130301 hu11130301.dly  35.67  -99.80
11130302 hu11130302.dly  35.25  -98.60
11130303 hu11130303.dly  34.63  -97.41
11130304 hu11130304.dly  34.22  -96.73
11140101 hu11140101.dly  33.74  -96.05
11140102 hu11140102.dly  34.20  -96.41
11140103 hu11140103.dly  34.47  -96.03
11140104 hu11140104.dly  34.40  -96.33
11140105 hu11140105.dly  34.44  -95.36
11140106 hu11140106.dly  33.72  -94.74
11140107 hu11140107.dly  34.26  -94.98
11140108 hu11140108.dly  34.41  -94.56
11140109 hu11140109.dly  34.02  -94.19
11140201 hu11140201.dly  33.40  -93.78
11140202 hu11140202.dly  32.26  -93.49
11140203 hu11140203.dly  32.92  -93.33
11140204 hu11140204.dly  32.55  -93.64
11140205 hu11140205.dly  33.16  -93.54
11140206 hu11140206.dly  32.09  -93.59
11140207 hu11140207.dly  31.57  -92.91
11140208 hu11140208.dly  32.12  -92.95
11140209 hu11140209.dly  32.30  -93.15
11140301 hu11140301.dly  33.41  -95.78
11140302 hu11140302.dly  33.41  -94.67
11140303 hu11140303.dly  33.22  -95.27
11140304 hu11140304.dly  32.78  -93.88
11140305 hu11140305.dly  32.99  -94.89
11140306 hu11140306.dly  32.88  -94.31
11140307 hu11140307.dly  32.69  -94.79
12010001 hu12010001.dly  32.88  -95.97
12010002 hu12010002.dly  32.37  -94.69
12010003 hu12010003.dly  32.92  -95.59
12010004 hu12010004.dly  31.66  -93.84
12010005 hu12010005.dly  30.79  -93.70
12020001 hu12020001.dly  32.02  -95.48
12020002 hu12020002.dly  31.22  -94.88
12020003 hu12020003.dly  30.65  -94.09
12020004 hu12020004.dly  31.93  -94.96
12020005 hu12020005.dly  31.44  -94.33
12020006 hu12020006.dly  30.60  -94.45
12020007 hu12020007.dly  30.23  -94.48
12030101 hu12030101.dly  33.27  -97.98
12030102 hu12030102.dly  32.71  -97.36
12030103 hu12030103.dly  33.37  -97.10
12030104 hu12030104.dly  33.24  -97.43
12030105 hu12030105.dly  32.47  -96.53
12030106 hu12030106.dly  33.13  -96.53
12030107 hu12030107.dly  32.50  -96.13
12030108 hu12030108.dly  31.95  -96.65
12030109 hu12030109.dly  32.25  -96.83
12030201 hu12030201.dly  31.69  -95.91
12030202 hu12030202.dly  30.95  -95.47
12030203 hu12030203.dly  30.09  -94.79
12040101 hu12040101.dly  30.41  -95.61
12040102 hu12040102.dly  30.10  -95.71
12040103 hu12040103.dly  30.40  -95.22
12040104 hu12040104.dly  29.81  -95.44
12040201 hu12040201.dly  29.85  -94.08
12040202 hu12040202.dly  29.63  -94.55
12040203 hu12040203.dly  29.80  -94.93
12040204 hu12040204.dly  29.40  -95.11
12040205 hu12040205.dly  29.22  -95.42
12050001 hu12050001.dly  33.96 -103.04
12050002 hu12050002.dly  34.19 -102.68
12050003 hu12050003.dly  33.42 -101.62
12050004 hu12050004.dly  33.02 -101.11
12050005 hu12050005.dly  34.41 -102.42
12050006 hu12050006.dly  33.88 -101.55
12050007 hu12050007.dly  33.38 -100.80
12060101 hu12060101.dly  33.37  -99.47
12060102 hu12060102.dly  32.48  -99.98
12060103 hu12060103.dly  32.97  -99.82
12060104 hu12060104.dly  32.96  -99.10
12060105 hu12060105.dly  32.57  -99.14
12060201 hu12060201.dly  32.76  -98.28
12060202 hu12060202.dly  32.02  -97.44
12060203 hu12060203.dly  31.54  -97.48
12060204 hu12060204.dly  31.94  -97.90
12070101 hu12070101.dly  30.92  -96.60
12070102 hu12070102.dly  30.39  -96.85
12070103 hu12070103.dly  31.11  -96.34
12070104 hu12070104.dly  29.74  -96.02
12070201 hu12070201.dly  31.83  -98.30
12070202 hu12070202.dly  31.39  -98.02
12070203 hu12070203.dly  31.07  -98.11
12070204 hu12070204.dly  30.91  -97.14
12070205 hu12070205.dly  30.66  -97.63
12080001 hu12080001.dly  33.45 -102.80
12080002 hu12080002.dly  32.62 -101.27
12080003 hu12080003.dly  32.77 -103.06
12080004 hu12080004.dly  32.77 -102.25
12080005 hu12080005.dly  31.95 -102.30
12080006 hu12080006.dly  33.04 -102.30
12080007 hu12080007.dly  32.19 -101.24
12080008 hu12080008.dly  32.02 -100.53
12090101 hu12090101.dly  31.90  -99.99
12090102 hu12090102.dly  31.14 -100.70
12090103 hu12090103.dly  31.45 -101.43
12090104 hu12090104.dly  31.78 -101.00
12090105 hu12090105.dly  31.41 -100.14
12090106 hu12090106.dly  31.49  -99.29
12090107 hu12090107.dly  31.91  -99.05
12090108 hu12090108.dly  31.96  -99.47
12090109 hu12090109.dly  30.95  -99.67
12090110 hu12090110.dly  31.15  -99.54
12090201 hu12090201.dly  30.76  -98.39
12090202 hu12090202.dly  30.51 -100.16
12090203 hu12090203.dly  30.22 -100.02
12090204 hu12090204.dly  30.60  -99.21
12090205 hu12090205.dly  30.37  -97.99
12090206 hu12090206.dly  30.28  -98.67
12090301 hu12090301.dly  30.04  -97.13
12090302 hu12090302.dly  29.34  -96.28
12090401 hu12090401.dly  29.43  -96.02
12090402 hu12090402.dly  28.91  -95.80
12100101 hu12100101.dly  29.26  -96.97
12100102 hu12100102.dly  29.37  -96.67
12100201 hu12100201.dly  29.99  -99.00
12100202 hu12100202.dly  29.33  -97.55
12100203 hu12100203.dly  29.88  -97.93
12100204 hu12100204.dly  28.87  -97.24
12100301 hu12100301.dly  29.45  -98.44
12100302 hu12100302.dly  29.59  -98.92
12100303 hu12100303.dly  28.91  -97.78
12100304 hu12100304.dly  29.48  -98.25
12100401 hu12100401.dly  28.76  -96.27
12100402 hu12100402.dly  28.75  -96.76
12100403 hu12100403.dly  28.32  -96.66
12100404 hu12100404.dly  28.32  -96.80
12100405 hu12100405.dly  28.16  -97.05
12100406 hu12100406.dly  28.44  -97.51
12100407 hu12100407.dly  28.18  -97.59
12110101 hu12110101.dly  29.76 -100.03
12110102 hu12110102.dly  29.70 -100.30
12110103 hu12110103.dly  28.58  -99.69
12110104 hu12110104.dly  28.92 -100.14
12110105 hu12110105.dly  28.05  -98.96
12110106 hu12110106.dly  29.30  -99.56
12110107 hu12110107.dly  29.38  -99.20
12110108 hu12110108.dly  28.56  -98.88
12110109 hu12110109.dly  28.89  -98.82
12110110 hu12110110.dly  28.90  -98.43
12110111 hu12110111.dly  28.21  -98.03
12110201 hu12110201.dly  27.88  -97.41
12110202 hu12110202.dly  27.73  -97.35
12110203 hu12110203.dly  27.45  -97.33
12110204 hu12110204.dly  27.71  -98.23
12110205 hu12110205.dly  27.32  -97.68
12110206 hu12110206.dly  27.28  -98.52
12110207 hu12110207.dly  26.87  -98.02
12110208 hu12110208.dly  26.29  -97.73
13010001 hu13010001.dly  37.73 -106.94
13010002 hu13010002.dly  37.34 -105.85
13010003 hu13010003.dly  37.87 -105.74
13010004 hu13010004.dly  38.02 -106.33
13010005 hu13010005.dly  36.99 -106.22
13020101 hu13020101.dly  36.44 -105.72
13020102 hu13020102.dly  36.48 -106.48
13020201 hu13020201.dly  35.52 -106.17
13020202 hu13020202.dly  35.72 -106.74
13020203 hu13020203.dly  34.55 -106.70
13020204 hu13020204.dly  35.18 -107.05
13020205 hu13020205.dly  35.69 -107.45
13020206 hu13020206.dly  34.74 -108.05
13020207 hu13020207.dly  35.12 -107.60
13020208 hu13020208.dly  33.98 -107.96
13020209 hu13020209.dly  34.38 -107.45
13020210 hu13020210.dly  33.85 -106.51
13020211 hu13020211.dly  33.58 -107.28
13030101 hu13030101.dly  33.14 -107.55
13030102 hu13030102.dly  32.40 -106.91
13030103 hu13030103.dly  32.85 -106.83
13030202 hu13030202.dly  32.35 -107.72
13040100 hu13040100.dly  31.57 -105.95
13040201 hu13040201.dly  30.46 -104.84
13040202 hu13040202.dly  30.08 -104.05
13040203 hu13040203.dly  29.45 -103.97
13040204 hu13040204.dly  29.71 -103.66
13040205 hu13040205.dly  29.27 -103.18
13040206 hu13040206.dly  29.93 -103.16
13040207 hu13040207.dly  29.67 -103.37
13040208 hu13040208.dly  29.95 -102.22
13040209 hu13040209.dly  30.02 -102.75
13040210 hu13040210.dly  30.13 -102.18
13040211 hu13040211.dly  30.41 -102.36
13040212 hu13040212.dly  29.81 -101.51
13040301 hu13040301.dly  30.54 -100.94
13040302 hu13040302.dly  29.82 -101.02
13040303 hu13040303.dly  29.98 -100.69
13050001 hu13050001.dly  34.76 -106.00
13050002 hu13050002.dly  34.55 -105.56
13050003 hu13050003.dly  33.04 -106.14
13050004 hu13050004.dly  31.57 -105.07
13060001 hu13060001.dly  35.25 -105.09
13060002 hu13060002.dly  34.88 -105.23
13060003 hu13060003.dly  34.27 -104.57
13060004 hu13060004.dly  34.59 -103.92
13060005 hu13060005.dly  33.78 -105.07
13060006 hu13060006.dly  34.11 -105.32
13060007 hu13060007.dly  33.28 -104.23
13060008 hu13060008.dly  33.40 -105.20
13060009 hu13060009.dly  33.11 -105.08
13060010 hu13060010.dly  32.85 -105.34
13060011 hu13060011.dly  32.45 -104.31
13070001 hu13070001.dly  31.43 -103.36
13070002 hu13070002.dly  31.84 -104.49
13070003 hu13070003.dly  30.99 -103.74
13070004 hu13070004.dly  31.26 -104.13
13070005 hu13070005.dly  30.76 -103.56
13070006 hu13070006.dly  30.63 -103.34
13070007 hu13070007.dly  31.96 -103.00
13070008 hu13070008.dly  30.66 -101.81
13070009 hu13070009.dly  30.69 -102.64
13070010 hu13070010.dly  30.57 -102.15
13070011 hu13070011.dly  30.68 -101.46
13080001 hu13080001.dly  29.32 -100.60
13080002 hu13080002.dly  28.04  -99.85
13080003 hu13080003.dly  27.13  -99.14
13090001 hu13090001.dly  26.54  -98.78
13090002 hu13090002.dly  26.04  -97.79
14010001 hu14010001.dly  40.13 -106.46
14010002 hu14010002.dly  39.66 -106.14
14010003 hu14010003.dly  39.58 -106.61
14010004 hu14010004.dly  39.26 -106.97
14010005 hu14010005.dly  39.26 -108.04
14010006 hu14010006.dly  39.52 -108.33
14020001 hu14020001.dly  38.85 -106.74
14020002 hu14020002.dly  38.38 -107.29
14020003 hu14020003.dly  38.37 -106.65
14020004 hu14020004.dly  38.94 -107.48
14020005 hu14020005.dly  38.78 -108.27
14020006 hu14020006.dly  38.31 -107.86
14030003 hu14030003.dly  38.13 -108.31
14040104 hu14040104.dly  42.25 -109.33
14040105 hu14040105.dly  41.53 -108.88
14040109 hu14040109.dly  41.00 -108.64
14040200 hu14040200.dly  41.95 -108.03
14050001 hu14050001.dly  40.45 -107.13
14050002 hu14050002.dly  40.46 -108.13
14050003 hu14050003.dly  40.98 -107.80
14050004 hu14050004.dly  41.38 -107.75
14050005 hu14050005.dly  40.04 -107.79
14050006 hu14050006.dly  39.86 -108.28
14080101 hu14080101.dly  36.91 -107.35
14080102 hu14080102.dly  37.35 -107.26
14080103 hu14080103.dly  36.41 -107.39
14080104 hu14080104.dly  37.38 -107.83
