   CROP        1       2       3       4       5       6       7       8       9      10      11      12      13      14      15      16      17      18      19      20      21      22      23      24      25      26      27      28      29      30      31      32      33      34      35      36      37      38      39      40      41      42      43      44      45      46      47      48      49      50      51      52      53      54      55      56
   #  NAME    WA      HI     TOP     TBS    DMLA    DLAI   DLAP1   DLAP2    RLAD    RBMD     ALT     GSI     CAF     SDW     HMX    RDMX    WAC2     CNY     CPY     CKY    WSYF     PST    COSD    PRYG    PRYF     WCY     BN1     BN2     BN3     BP1     BP2     BP3     BK1     BK2     BK3     BW1     BW2     BW3     IDC   FRST1   FRST2    WAVP    VPTH    VPD2   RWPC1   RWPC2    GMHU   PPLP1   PPLP2    STX1    STX2    BLG1    BLG2     WUB     FTO     FLT
    1 SOYB   25.00    0.30   25.00   10.00    5.00    0.90   15.05   50.95    0.10    1.00    3.00  0.0070    0.85   35.00    0.80    2.00  660.34  0.0699  0.0077  0.0196    0.23    0.60    0.63  198.08  100.00    0.13  0.0524  0.0265  0.0258  0.0074  0.0037  0.0035  0.0120  0.0100  0.0090   1.266   0.633   0.729      1.    5.15   15.95    5.00    0.50    4.75    0.40    0.20  100.00   30.43   50.71    0.20    5.00    0.01    0.10    0.00    0.00    0.00     15.SOYBEANS
    2 CORN   40.00    0.50   25.00    8.00    6.00    0.80   15.05   50.95    1.00      1.    3.00  0.0070    0.85   20.00    2.00    2.00  660.45    .013  0.0025  0.0032    0.40    0.60    3.45  103.16   80.22    0.15  0.0440    .015     .01  0.0062  0.0023  0.0018  0.0150  0.0120  0.0090   0.433   0.433   0.213      4.    5.15   15.95    8.00    0.50    4.75    0.40    0.20  100.00    4.47    7.77    0.12    1.70    0.01    0.10    10.2    0.00    0.00      6.CORN
    3 GRSG   37.00    0.50   27.50   10.00    5.50    0.80   15.01   60.95    0.50    0.50    2.00  0.0070    0.85    5.00    1.40    2.00  660.36  0.0199  0.0032  0.0039    0.35    0.60    3.66   92.83   75.00    0.13  0.0440  0.0164  0.0128  0.0060  0.0022  0.0018  0.0270  0.0180  0.0130   0.657   0.657   0.320      4.    5.15   15.95    7.00    0.50    4.75    0.40    0.20  100.00    3.20   10.90    0.20    4.80    0.01    0.10    0.00    0.00    0.00     10.GRAIN SORGHUM
    4 COTS   25.00    0.60   27.50   12.50    6.00    0.95   15.01   50.95    0.50    0.50    3.00  0.0200    0.85   25.00    1.00    2.20  660.30  0.0140  0.0020  0.0140    0.30    0.60    2.82 1212.75  116.87    0.01  0.0580  0.0190  0.0177  0.0081  0.0027  0.0025  0.0300  0.0220  0.0150   1.138   0.603   0.332      9.    5.15   15.95    3.00    1.00    4.30    0.40    0.20  100.00    3.20   10.90    0.05    7.70    0.01    0.10    0.00    0.27    0.38      7.STRIPPER COTTON
    5 COTP   25.00    0.40   27.50   12.50    6.00    0.95   15.01   50.95    0.50    0.50    3.00  0.0200    0.85   25.00    1.00    2.20  660.30  0.0190  0.0029  0.0140    0.30    0.60    2.82 1212.75  116.87    0.01  0.0580  0.0190  0.0177  0.0081  0.0027  0.0025  0.0300  0.0220  0.0150   1.138   0.603   0.332      9.    5.15   15.95    3.00    1.00    4.30    0.40    0.20  100.00    3.20   10.90    0.05    7.70    0.01    0.10    0.00    0.38    0.38      7.PICKER COTTON
    6 PNUT   30.00    0.00   25.00    9.00    5.00    0.85   15.01   50.95    1.00    0.50    4.00  0.0100    0.85   30.00    0.50    2.00  660.25  0.0650  0.0090  0.0060    0.30    0.60    1.80  498.33  551.00    0.06  0.0329  0.0167  0.0162  0.0039  0.0020  0.0019  0.0300  0.0200  0.0090   1.266   0.633   0.729      1.    5.15   15.95    4.00    0.50    4.75    0.40    0.60  100.00    3.10   10.90    0.29    3.20    0.01    0.10    0.00    0.00    0.00     15.PEANUTS
    7 SUNF   49.00    0.30   25.00     10.    5.00    0.55   15.01   50.95    1.00    2.00    3.00  0.0070    0.85    8.00    2.50    2.20  660.66  0.0287  0.0056  0.0071    0.27    0.60    8.71  271.22    5.00    0.06  0.0500  0.0230  0.0146  0.0063  0.0029  0.0023  0.0290  0.0200  0.0100   3.390   3.390   1.610      4.    5.15   15.95    7.00    0.50    4.75    0.40    0.20  100.00     2.6    6.95    0.05    7.70    0.01    0.10    0.00    0.00    0.00      3.SUNFLOWERS
    8 CSUN   60.00    0.25   25.00    6.00    5.00    0.55   15.01   50.95    1.00    2.00    3.00  0.0070    0.85    8.00    2.50    2.20  660.81  0.0287  0.0056  0.0071    0.22    0.60    8.71  271.22    5.00    0.06  0.0500  0.0230  0.0146  0.0063  0.0029  0.0023  0.0290  0.0200  0.0100   3.390   3.390   1.610      4.    5.15   15.95    7.00    0.50    4.75    0.40    0.20  100.00    2.63    6.99    0.05    7.70    0.01    0.10    0.00    0.00    0.00      3.CAN SUNFLOWERS
    9 FALW     30.    0.40    125.    100.    0.00    0.55   15.01   50.95    1.00    1.00    3.00  0.0130    0.85    0.01    2.00     10.  660.35  0.0280  0.0060  0.0070    0.30    0.60    4.41  190.00    5.00    0.06  0.0500  0.0230  0.0150  0.0060  0.0030  0.0020  0.0290  0.0200  0.0100   1.138   0.603   0.332      4.    5.15   15.95    7.00    0.50    4.75    0.40    0.20  100.00    1.10    4.90    0.05    7.70    0.01    0.10    0.00    0.00    0.00      0.FALLOW
   10 WWHT   35.00    0.45   15.00    0.00    6.00    0.60   15.01   50.95    1.00    1.00    2.00  0.0070    0.85   90.00    1.00    2.00  660.47  0.0249  0.0033  0.0042    0.21    0.60    0.26  153.62   20.00    0.12  0.0600  0.0230  0.0134  0.0084  0.0032  0.0019  0.0230  0.0200  0.0170   3.390   3.390   1.610      5.    5.01   15.10      6.    0.50    4.75    0.40    0.20  100.00  125.60  250.95    0.07    6.00    0.01    0.10    0.00    0.00    0.00    150.WINTER WHEAT
   11 SWHT   35.00    0.45   15.00      3.    6.00    0.60   15.01   50.95    1.00    1.00    2.00  0.0070    0.85   90.00    1.00    2.00  660.41  0.0303  0.0038  0.0039    0.21    0.60    0.22  157.66   20.00    0.12  0.0663  0.0250  0.0148  0.0084  0.0032  0.0019  0.0230  0.0200  0.0170   3.390   3.390   1.610      5.    5.01   15.10     10.    0.50    4.75    0.40    0.20  100.00  125.60  250.95    0.07    6.00    0.01    0.10    0.00    0.00    0.00    150.SPRING WHEAT
   12 CSWH   35.00    0.42   15.00    0.00    5.00    0.60   15.01   45.95    1.00    1.00    2.00  0.0070    0.85   90.00    1.00    2.00  660.47  0.0303  0.0038  0.0039    0.21    0.60    0.26  157.66   20.00    0.12  0.0663  0.0250  0.0148  0.0084  0.0032  0.0019  0.0230  0.0200  0.0170   3.390   3.390   1.610      5.    5.01   15.10    8.00    0.50    4.75    0.40    0.20  100.00  125.60  250.95    0.07    6.00    0.01    0.10    0.00    0.00    0.00    150.CAN SPRING WHEAT
   13 DWHT   30.00    0.40   15.00    0.00    5.00    0.60   15.01   50.95    1.00    1.00    2.00  0.0070    0.85   90.00    1.00    2.00  660.41  0.0263  0.0057  0.0048    0.20    0.60    0.26  154.35   20.00    0.12  0.0518  0.0199  0.0116  0.0089  0.0034  0.0020  0.0230  0.0200  0.0170   3.390   3.390   1.610      5.    5.01   15.10    7.00    0.50    4.75    0.40    0.20  100.00  125.60  250.95    0.07    6.00    0.01    0.10    0.00    0.00    0.00    150.DURAM WHEAT
   14 BARL   30.00    0.40   15.00    0.00    6.00    0.80   15.01   50.95    1.00    1.00    2.00  0.0060    0.85   90.00    1.00    2.00  660.45  0.0236  0.0029  0.0060    0.21    0.60    0.27  122.19   20.00    0.12  0.0590  0.0220  0.0131  0.0057  0.0022  0.0013  0.0160  0.0160  0.0150   3.390   3.390   1.610      5.    5.01   15.10    7.00    0.50    4.75    0.40    0.20  100.00  125.60  250.95    0.05    8.00    0.01    0.10    0.00    0.00    0.00    150.BARLEY
   15 CBAR   35.00    0.42   15.00    0.00    3.50    0.60   20.10   49.95    1.00    1.00    2.00  0.0070    0.85   90.00    1.20    2.00  660.47  0.0236  0.0029  0.0050    0.21    0.60    0.27  122.19   20.00    0.12  0.0590  0.0220  0.0131  0.0057  0.0022  0.0013  0.0160  0.0160  0.0150   3.390   3.390   1.610      5.    5.01   15.10    8.00    0.50    4.75    0.40    0.20  100.00  125.60  250.95    0.05    8.00    0.01    0.10    0.00    0.00    0.00    150.CAN BARLEY
   16 OATS   35.00    0.42   15.00    0.00    6.00    0.80   15.01   50.95    1.00    1.00    2.00  0.0070    0.85   90.00    1.00    2.00  660.47  0.0316  0.0057  0.0047    0.21    0.60    0.03  124.03   20.00    0.10  0.0580  0.0224  0.0130  0.0053  0.0020  0.0012  0.0280  0.0200  0.0120   3.390   3.390   1.610      5.    5.01   15.10    7.00    0.50    4.75    0.40    0.20  100.00  125.60  250.95    0.07    8.00    0.01    0.10    0.00    0.00    0.00    150.OATS
   17 COAT   35.00    0.42   15.00    0.00    5.00    0.60   15.01   45.95    1.00    1.00    2.00  0.0070    0.85   90.00    1.20    2.00  660.47  0.0316  0.0057  0.0047    0.21    0.60    0.03  124.03   20.00    0.10  0.0580  0.0224  0.0130  0.0053  0.0020  0.0012  0.0280  0.0200  0.0120   3.390   3.390   1.610      5.    5.01   15.10    8.00    0.50    4.75    0.40    0.20  100.00  125.60  250.95    0.07    8.00    0.01    0.10    0.00    0.00    0.00    150.CAN OATS
   18 RICE   25.00      .2   25.00   10.00    6.00    0.80   15.01   50.95    0.50    0.50    3.00  0.0080    1.00   50.00    0.80    2.00  660.34  0.0136  0.0013  0.0013    0.25    0.60    0.85   86.88   20.00    0.14  0.0500  0.0200  0.0100  0.0060  0.0030  0.0018  0.0250  0.0150  0.0080   3.390   3.390   1.610      4.    5.05   15.95    5.00    0.50    4.75    0.40    0.20  100.00  125.60  250.95    0.12    3.00    0.01    0.10    0.00    0.00    0.00    150.RICE
   19 RYE    35.00    0.40   12.50    0.00    6.00    0.80   15.01   50.95    1.00    1.00    2.00  0.0060    0.85   90.00    1.00    2.00  660.47  0.0284  0.0042  0.0030    0.20    0.60    2.38   98.04   75.00    0.12  0.0560  0.0215  0.0125  0.0066  0.0025  0.0015  0.0180  0.0150  0.0120   3.390   3.390   1.610      5.    5.01   15.10    7.00    0.50    4.75    0.40    0.20  100.00  125.60  250.95    0.08    5.60    0.01    0.10    0.00    0.00    0.00    150.RYE
   20 WPEA   20.00    0.55   14.00    1.00    4.00    0.90   15.02   50.95    1.00    0.50    2.00  0.0100    0.85  140.00    0.80    2.00  660.27  0.0412  0.0055  0.0114    0.38    0.60    0.69   24.00   75.00    0.12  0.0400  0.0260  0.0232  0.0070  0.0040  0.0030  0.0140  0.0130  0.0120   3.390   3.390   1.610      2.    5.01   15.10    4.00    0.50    4.75    0.40    0.20  100.00   20.20  100.90    0.10    2.50    0.01    0.10    0.00    0.00    0.00     70.WINTER PEAS
   21 LEN1   20.00    0.55   14.00    1.00    5.00    0.90   15.02   50.95    1.00    0.50    3.00  0.0100    0.90  100.00    0.55    2.00  660.27  0.0506  0.0051  0.0102    0.38    0.60   22.40  100.00    5.00    0.12  0.0440  0.0164  0.0128  0.0074  0.0037  0.0023  0.0140  0.0130  0.0120   1.266   0.633   0.729      1.    5.01   15.10    4.00    0.50    4.75    0.40    0.20  100.00   20.20  100.90    0.10    2.50    0.01    0.10    0.00    0.00    0.00
   22 LENT   20.00    0.55   14.00    1.00    4.00    0.90   15.02   50.95    1.00    0.50    3.00  0.0100    0.90  100.00    0.55    2.00  660.27  0.0506  0.0051  0.0102    0.38    0.60   22.40  100.00    5.00    0.12  0.0440  0.0164  0.0128  0.0074  0.0037  0.0023  0.0140  0.0130  0.0120   1.266   0.633   0.729      2.    5.01   15.10    4.00    0.50    4.75    0.40    0.20  100.00   20.20  100.90    0.10    2.50    0.01    0.10    0.00    0.00    0.00     70.LENTILS
   23 CANA   34.00    0.30   21.00    5.00    4.50    0.49   15.02   45.95    0.20    0.30    3.00  0.0078    0.90  100.00    1.30    1.40  660.46  0.0360  0.0084  0.0380    0.21    0.60   10.75  147.74    5.00    0.12  0.0440  0.0164  0.0128  0.0074  0.0037  0.0023  0.0440  0.0160  0.0130   1.266   0.633   0.729      5.    5.05   15.10   10.00    0.50    4.75    0.40    0.20  100.00   20.20  100.90    0.10    2.50    0.01    0.10    0.00    0.00    0.00     70.CANOLA-ARGENTINE
   24 CANP   34.00    0.23   21.00    5.00    3.50    0.50   15.02   45.95    0.20    0.30    3.00  0.0078    0.90  100.00    0.90    0.90  660.46  0.0360  0.0084  0.0380    0.16    0.60   10.75  147.74    5.00    0.12  0.0440  0.0182  0.0164  0.0073  0.0037  0.0023  0.0440  0.0160  0.0130   1.266   0.633   0.729      5.    5.05   15.10   10.00    0.50    4.75    0.40    0.20  100.00   20.20  100.90    0.10    2.50    0.01    0.10    0.00    0.00    0.00     70.CANOLA-POLISH
   25 FLAX   25.00    0.54   22.50    5.00    2.50    0.90   15.02   50.95    1.00    0.50    3.00  0.0078    0.90  100.00    0.55    2.00  660.34  0.0409  0.0055  0.0084    0.27    0.60    0.31  143.32    5.00    0.12  0.0482  0.0294  0.0263  0.0049  0.0024  0.0023  0.0200  0.0130  0.0070   1.266   0.633   0.729      2.    5.05   15.10   10.00    1.00    4.75    0.40    0.20  100.00   20.20  100.90    0.10    2.50    0.01    0.10    0.00    0.00    0.00     70.FLAX
   26 FPEA   25.00    0.45   15.00    1.00    5.00    0.75   15.01   50.95    2.00    2.00    2.00  0.0070    0.85   35.00    1.20    2.00  660.34  0.0412  0.0055  0.0114    0.34    0.60    0.74   24.00    5.00    0.12  0.0515  0.0335  0.0296  0.0033  0.0019  0.0014  0.0140  0.0130  0.0120   3.390   3.390   1.610      2.    5.01   15.10   10.00    1.00    4.75    0.40    0.20  100.00   20.20  100.90    0.10    2.50    0.01    0.10    0.00    0.00    0.00     70.FIELD PEAS
   27 MUNG   25.00    0.31   25.00   10.00    5.00    0.90   15.01   50.95    2.00   10.00    3.00  0.0078    0.85   35.00    1.50    2.00  660.34  0.0420  0.0040  0.0137    0.23    0.60    0.74  370.00    5.00    0.13  0.0326  0.0165  0.0161  0.0044  0.0022  0.0021  0.0140  0.0130  0.0120   1.266   0.633   0.729      1.    5.05   15.95   10.00    1.00    4.75    0.40    0.20  100.00   20.20  100.90    0.10    2.50    0.01    0.10    0.00    0.00    0.00     70.SUMMER MUNG
   28 SESB   50.00    0.31   25.00   10.00    5.00    0.90   15.01   50.95    2.00   10.00    3.00  0.0078    0.85   35.00    1.50    2.00  660.67  0.0419  0.0039  0.0110    0.23    0.60    0.74  370.00    5.00    0.13  0.0500  0.0200  0.0150  0.0074  0.0037  0.0035  0.0140  0.0140  0.0130   1.266   0.633   0.729      1.    5.05   15.95   10.00    1.00    4.75    0.40    0.20  100.00   20.20  100.90    0.10    2.50    0.01    0.10    0.00    0.00    0.00     70.SESBANIA
   29 CSIL   39.00    0.50   25.00   10.00    6.00    0.80   15.05   50.95    1.00    1.00    3.00  0.0070    0.85   20.00    2.00    2.00  660.45  0.0168  0.0023  0.0032    0.25    0.60    3.45    0.00   31.50    0.15  0.0440  0.0160  0.0128  0.0062  0.0023  0.0018  0.0150  0.0120  0.0090   1.266   0.633   0.729      4.    5.01   15.95    8.00    0.50    4.75    0.40    0.20  100.00    4.47    7.77    0.12    1.70    0.01    0.10    0.00    0.00    0.00      6.CORN SILAGE
   30 SGHY   35.00    0.50   27.50   10.00    5.00    0.80   15.01   50.95    0.50    0.50    2.00  0.0070    0.85   90.00    2.00    2.00  660.40  0.0199  0.0032  0.0039    0.45    0.60    3.66    0.00   33.08    0.13  0.0440  0.0164  0.0128  0.0060  0.0022  0.0018  0.1500  0.1500  0.1500   3.390   3.390   0.320      4.    5.05   15.95    7.00    0.50    4.75    0.40    0.20  100.00    5.43   15.79    0.20    4.80    0.01    0.10    0.00    0.00    0.00     10.SORGHUM HAY
   31 ALFA   20.00    0.02   25.00    5.00    5.00    0.90   15.01   50.95    0.50    0.50    3.00  0.0100    0.85   15.00    1.25    2.00  660.27  0.0601  0.0066  0.0074    0.01    0.60    3.64   77.00  172.86    0.12  0.0500  0.0283  0.0240  0.0071  0.0024  0.0019  0.0231  0.0189  0.0178   3.390   3.390   3.390      3.    5.01   15.10    4.00    0.50    4.75    0.40    0.20  100.00   56.50   89.99    0.07    2.00    0.01    0.10    0.00    0.00    0.00     35.ALFALFA
   32 CLVA     15.    0.02     15.      0.    5.00    0.60   15.01   50.95    2.00   10.00    2.00  0.0070    0.99   35.00    1.20    2.00  660.34  0.0567  0.0040  0.0180    0.01    0.60    2.13   24.00    5.00    0.08  0.0600  0.0280  0.0240  0.0060  0.0030  0.0025  0.0220  0.0200  0.0180   3.390   3.390   3.390      3.    5.01   15.10   10.00    1.00    4.75    0.40    0.20  100.00   20.20  100.90    0.12    1.50    0.01    0.10    0.00    0.00    0.00     35.CLOVER ALSIKE
   33 CLVR   25.00    0.02   25.00    1.00    5.00    0.75   15.01   50.95    2.00   10.00    2.00  0.0070    0.85   35.00    1.20    2.00  660.34  0.0597  0.0040  0.0180    0.01    0.60    3.15   24.00    5.00    0.12  0.0650  0.0280  0.0243  0.0060  0.0029  0.0024  0.0220  0.0200  0.0180   3.390   3.390   3.390      2.    5.01   15.10   10.00    1.00    4.75    0.40    0.20  100.00   22.50   40.71    0.12    1.50    0.01    0.10    0.00    0.00    0.00     35.RED CLOVER
   34 CLVS   25.00    0.02   25.00    1.00    5.00    0.75   15.01   50.95    2.00   10.00    2.00  0.0070    0.75   35.00    1.20    2.00  660.34  0.0649  0.0040  0.0180    0.01    0.60    2.13   24.00    5.00    0.08  0.0650  0.0242  0.0200  0.0060  0.0029  0.0024  0.0300  0.0230  0.0180   3.390   3.390   3.390      2.    5.01   15.10   10.00    1.00    4.75    0.40    0.20  100.00   22.50   40.71    0.12    1.50    0.01    0.10    0.00    0.00    0.00     35.SWEET CLOVER
   35 TIMO   35.00    0.02   25.00    8.00   11.00    0.85   15.01   50.95    2.00    1.00    2.00  0.0070    0.85    5.00    0.80    2.00  660.47  0.0234  0.0033  0.0150    0.01    0.60    2.54   20.00   72.76    0.10  0.0314  0.0130  0.0103  0.0038  0.0025  0.0019  0.0180  0.0160  0.0150   3.390   3.390   3.390      6.    5.05   15.95    8.00    0.50    4.75    0.40    0.20  100.00   22.50   40.71    0.09    2.00    0.01    0.10    0.00    0.00    0.00     35.TIMOTHY
   36 RNGE   30.00    0.02   25.00    8.00    5.00    0.99   15.01   50.95    1.00    1.00    4.00  0.0050    0.85    5.00    1.00    2.00  660.41  0.0150  0.0016  0.0120    0.01    0.60    0.69   20.00    5.00    0.10  0.0193  0.0110  0.0083  0.0028  0.0016  0.0012  0.0210  0.0120  0.0090   3.390   3.390   3.390      6.    1.10    5.95    6.00    0.50    4.75    0.40    0.20  100.00   22.50   40.71    0.09    2.00    0.01    0.10    0.00    0.00    0.00     35.RANGE
   37 SPAS   35.00    0.02   25.00    8.00    5.00    0.99   15.01   50.95    1.00    1.00    2.00  0.0070    0.85    5.00    1.00    2.00  660.40  0.0150  0.0021  0.0157    0.01    0.60    0.69   20.00    5.00    0.10  0.0222  0.0127  0.0095  0.0037  0.0021  0.0016  0.0275  0.0157  0.0118   3.390   3.390   3.390      6.    5.05   15.95    7.00    0.50    4.75    0.40    0.20  100.00   22.50   40.71    0.04    2.80    0.01    0.10    0.00    0.00    0.00     35.SUMMER PASTURE
   38 WPAS   35.00    0.02     15.      0.    5.00    0.70   15.05   50.95    1.00    1.00    2.00  0.0070    0.85    5.00    1.00    2.00  660.47  0.0150  0.0018  0.0111    0.01    0.60    0.40  120.00    5.00    0.10  0.0276  0.0155  0.0110  0.0031  0.0018  0.0013  0.0122  0.0111  0.0083   3.390   3.390   1.610      6.    5.01   15.10    6.00    0.50    4.75    0.40    0.20  100.00   22.50   40.71    0.05    3.90    0.01    0.10    0.00    0.00    0.00     35.WINTER PASTURE
   39 RYEA   30.00    0.02   15.00    0.00    3.00    0.80   35.01   62.95    1.00    1.00    2.00  0.0070    0.75   90.00    1.10    1.30  660.41  0.0230  0.0037  0.0060    0.01    0.60    0.40  120.00    5.00    0.10  0.0250  0.0180  0.0140  0.0040  0.0030  0.0024  0.0180  0.0150  0.0120   3.390   3.390   1.610      6.    5.01   15.10    8.00    0.50    4.75    0.40    0.20  100.00   22.50   40.71    0.07    6.00    0.01    0.10    0.00    0.00    0.00     35.ALTAI WILD RYE
   40 RYER   30.00    0.02   15.00    0.00    3.00    0.80   35.01   62.95    1.00    1.00    2.00  0.0070    0.75   90.00    1.00    1.30  660.41  0.0230  0.0037  0.0060    0.01    0.60    0.40  120.00    5.00    0.10  0.0250  0.0180  0.0140  0.0040  0.0030  0.0024  0.0180  0.0150  0.0120   3.390   3.390   1.610      6.    5.01   15.10    8.00    0.50    4.75    0.40    0.20  100.00   22.50   40.71    0.07    6.00    0.01    0.10    0.00    0.00    0.00     35.RUSSIAN WILD RYE
   41 RYEG   30.00    0.02   18.00    0.00    5.00    0.50   15.01   50.95    0.50    1.00    2.00  0.0070    0.85     25.    0.80      2.  660.41  0.0220  0.0028  0.0060    0.01    0.60    1.33  120.00    5.00    0.10  0.0660  0.0250  0.0147  0.0105  0.0040  0.0024  0.0230  0.0150  0.0110   3.390   3.390   1.610      5.    5.01   15.10    6.00    0.50    4.75    0.40    0.20  100.00   22.50   40.71    0.07    6.00    0.01    0.10    0.00    0.00    0.00     35.ANNUAL RYE GRASS
   42 WWGR   35.00    0.02   25.00    8.00    5.00    0.85   50.01   89.95    2.00    1.00    4.00  0.0070    0.85    5.00    0.60    1.30  660.47  0.0151  0.0024  0.0111    0.01    0.60    0.69   20.00    5.00    0.10  0.0276  0.0155  0.0110  0.0031  0.0018  0.0013  0.0230  0.0230  0.0230   3.390   3.390   3.390      6.    5.01   15.95    8.00    0.50    4.75    0.40    0.20  100.00   22.50   40.71    0.07    6.00    0.01    0.10    0.00    0.00    0.00     35.WESTERN WHEAT GR
   43 NWGR   35.00    0.02   25.00    8.00    5.00    0.85   15.01   50.95    2.00    1.00    4.00  0.0070    0.85    5.00    0.80    2.00  660.47  0.0150  0.0018  0.0111    0.01    0.60    0.69   20.00    5.00    0.10  0.0276  0.0155  0.0110  0.0031  0.0018  0.0013  0.0230  0.0230  0.0230   3.390   3.390   3.390      6.    5.01   15.95    8.00    0.50    4.75    0.40    0.20  100.00   22.50   40.71    0.07    6.00    0.01    0.10    0.00    0.00    0.00     35.NORTHERN WHEAT G
   44 SWGR   35.00    0.02   25.00    8.00    5.00    0.85   15.01   50.95    2.00    1.00    4.00  0.0070    0.85    5.00    0.70    2.00  660.47  0.0142  0.0027  0.0111    0.01    0.60    0.69   20.00    5.00    0.10  0.0276  0.0155  0.0110  0.0031  0.0018  0.0013  0.0270  0.0270  0.0270   3.390   3.390   3.390      6.    5.01   15.95    8.00    0.50    4.75    0.40    0.20  100.00   22.50   40.71    0.07    6.00    0.01    0.10    0.00    0.00    0.00     35.SLENDER WHEAT GR
   45 CWGR   35.00    0.02   25.00    6.00    5.00    0.85   35.01   62.95    2.00    1.00    4.00  0.0070    0.85    5.00    0.70    1.30  660.47  0.0163  0.0018  0.0111    0.01    0.60    0.69   20.00    5.00    0.10  0.0276  0.0155  0.0110  0.0031  0.0018  0.0013  0.0230  0.0230  0.0230   3.390   3.390   3.390      6.    5.01   15.95    8.00    0.50    4.75    0.40    0.20  100.00   22.50   40.71    0.07    6.00    0.01    0.10    0.00    0.00    0.00     35.CRESTED WHEAT GR
   46 BROM   35.00    0.02   25.00    6.00    5.00    0.85   15.01   50.95    2.00    1.00    4.00  0.0070    0.85    5.00    0.80    2.00  660.40  0.0150  0.0022  0.0222    0.01    0.60    5.44   20.00    5.00    0.10  0.0267  0.0142  0.0107  0.0036  0.0022  0.0017  0.0220  0.0240  0.0270   3.390   3.390   3.390      6.    1.01    5.95    8.00    0.50    4.75    0.40    0.20  100.00   10.20   50.90    0.09    2.00    0.01    0.10    0.00    0.00    0.00     35.BROME GRASS
   47 BROS   35.00    0.02   25.00    8.00    5.00    0.85   15.01   50.95    2.00    1.00    4.00  0.0070    0.85    5.00    0.80    2.00  660.47  0.0184  0.0021  0.0222    0.01    0.60    5.44   20.00    5.00    0.10  0.0267  0.0142  0.0107  0.0036  0.0022  0.0017  0.0210  0.0230  0.0270   3.390   3.390   3.390      6.    5.01   15.95    8.00    0.50    4.75    0.40    0.20  100.00   22.50   40.71    0.09    2.00    0.01    0.10    0.00    0.00    0.00     35.SMOOTH BROME GR
   48 CWPS   35.00    0.02   15.00    0.00    8.00    0.80   15.01   50.95    1.00    1.00    2.00  0.0070    0.85   90.00    1.20    2.00  660.47  0.0150  0.0018  0.0111    0.01    0.60    0.40  120.00    5.00    0.10  0.0276  0.0155  0.0110  0.0031  0.0018  0.0013  0.0220  0.0220  0.0220   3.390   3.390   3.390      6.    5.01   15.10    8.00    0.50    4.75    0.40    0.20  100.00   22.50   40.71    0.10    2.50    0.01    0.10    0.00    0.00    0.00     35.CAN WINTER PAST
   49 BERM   25.00    0.02   27.50   12.00    2.20    0.99   15.05   50.95    1.00    1.00    2.00  0.0070    0.85    5.00    1.00    2.00  660.40  0.0127  0.0021  0.0157    0.01    0.60    0.40   20.00   72.76    0.10  0.0222  0.0150  0.0130  0.0037  0.0021  0.0016  0.0180  0.0170  0.0160   3.390   3.390   3.390      6.    1.01    5.95    7.00    0.50    4.75    0.40    0.20  100.00   56.50   89.99    0.06    6.90    0.01    0.10    0.00    0.00    0.00    150.COASTAL BERMUDA
   50 COTA   25.00    0.60   27.50   12.50    6.00    0.95   15.05   50.95    0.50    0.50    3.00  0.0200    0.85   25.00    1.00    2.20  660.20  0.0140  0.0020  0.0140    0.30    0.60    2.82 1212.75  116.87    0.01  0.0580  0.0190  0.0177  0.0081  0.0027  0.0025  0.0300  0.0220  0.0150   1.138   0.603   0.332      9.    5.15   15.95    3.00    1.00    4.30    0.40    0.10  100.00    3.20   10.90    0.05    7.70    0.01    0.10    0.00    0.27    0.38
   51 POTA   30.00    0.95   17.00    4.40    7.00    0.60   15.01   50.95    2.00   10.00    3.00  0.0070    0.85  200.00    1.20    2.00  660.41  0.0176  0.0022  0.0255    0.95    0.60    0.23  266.80  266.80    0.80  0.0350  0.0200  0.0120  0.0060  0.0025  0.0019  0.1100  0.0350  0.0250   1.266   0.633   0.729      5.    5.01   15.95   10.00    1.00    4.75    0.40    0.90  100.00    4.47    7.77    0.12    1.70    0.01    0.10    0.00    0.00    0.00      6.POTATOES
   52 ASPR   90.00    0.80   35.00   10.00    4.20    1.00   25.23   40.86    0.10    0.10    3.00  0.0100    0.85   35.00    1.20    1.50  661.22  0.0632  0.0067  0.0390    0.80    0.60    5.60  120.00    5.00    0.92  0.0700  0.0600  0.0550  0.0060  0.0040  0.0030  0.0400  0.0350  0.0300   1.266   0.633   0.729      6.    5.01   15.95    5.00    1.00    4.75    0.40    0.20  100.00   20.20  100.90    0.12    1.70    0.01    0.10    0.00    0.00    0.00     70.ASPARAGUS
   53 BROC   26.00    0.80   24.00    4.00    4.20    1.00   25.23   40.86    0.10    0.10    3.00  0.0100    0.85   35.00    1.20    0.70  660.35  0.0512  0.0071  0.0349    0.80    0.60 1155.92  120.00    5.00    0.91  0.0700  0.0500  0.0400  0.0060  0.0040  0.0030  0.0500  0.0500  0.0500   1.266   0.633   0.729      6.    5.01   15.95    5.00    1.00    4.75    0.40    0.20  100.00   10.20   50.90    0.12    1.70    0.01    0.10    0.00    0.00    0.00     35.BROCCOLI
   54 CABG   19.00    0.80   24.00    4.00    3.00    1.00   25.23   40.86    0.10    0.10    3.00  0.0100    0.85   35.00    1.20    0.70  660.26  0.0259  0.0031  0.0329    0.80    0.60   77.80  120.00    5.00    0.93  0.0700  0.0300  0.0200  0.0060  0.0035  0.0020  0.0400  0.0400  0.0400   1.266   0.633   0.729      6.    5.01   15.95    5.00    1.00    4.75    0.40    0.20  100.00   10.20   50.90    0.12    1.70    0.01    0.10    0.00    0.00    0.00     35.CABBAGE
   55 CAUF   21.00    0.80   24.00    7.00    2.50    1.00   25.23   40.86    0.10    0.10    3.00  0.0100    0.85   35.00    1.20    0.70  660.28  0.0411  0.0059  0.0459    0.80    0.60  755.80  120.00    5.00    0.92  0.0700  0.0400  0.0300  0.0060  0.0035  0.0020  0.0400  0.0400  0.0400   1.266   0.633   0.729      6.    5.01   15.95    5.00    1.00    4.75    0.40    0.20  100.00   10.20   50.90    0.12    1.70    0.01    0.10    0.00    0.00    0.00     35.CAULIFLOWER
   56 CELR   27.00    0.80   24.00    7.00    2.50    1.00   25.23   40.86    0.10    0.10    3.00  0.0100    0.85   35.00    1.20    0.70  660.36  0.0200  0.0049  0.0536    0.80    0.60  195.13  120.00    5.00    0.95  0.0500  0.0200  0.0100  0.0070  0.0050  0.0040  0.0500  0.0500  0.0500   1.266   0.633   0.729      6.    5.01   15.95    5.00    1.00    4.75    0.40    0.20  100.00   10.20   50.90    0.12    1.70    0.01    0.10    0.00    0.00    0.00     35.CELERY
   57 LETT   23.00    0.80   18.20    0.00    4.20    1.00   25.23   40.86    0.10    0.50    2.00  0.0122    0.86    2.50    0.20    0.80  660.31  0.0394  0.0049  0.0384    0.80    0.60  148.19 4500.00    5.00    0.96  0.0500  0.0250  0.0210  0.0084  0.0032  0.0019  0.0400  0.0400  0.0400   1.266   0.633   0.729      5.    5.01   15.10    8.00    0.50    4.30    0.40    0.20  100.00   10.20   50.90    0.12    1.70    0.01    0.10    0.00    0.00    0.00     35.LETTUCE
   58 OLET   19.00    0.80   18.20    0.00    4.20    1.00   25.23   40.86    0.10    0.50    2.00  0.0122    0.86    2.50    0.20    0.80  660.26  0.0347  0.0042  0.0440    0.80    0.60  136.10 4500.00    5.00    0.94  0.0500  0.0250  0.0210  0.0084  0.0032  0.0019  0.0440  0.0440  0.0440   1.266   0.633   0.729      5.    5.01   15.10    8.00    0.50    4.30    0.40    0.20  100.00   10.20   50.90    0.12    1.70    0.01    0.10    0.00    0.00    0.00     35.LEAF LETTUCE
   59 SPIN   30.00    0.95   24.00    4.00    4.20    0.95   10.05   90.95    0.10    0.10    3.00  0.0100    0.85   35.00    1.20    0.70  660.41  0.0544  0.0058  0.0663    0.95    0.60   35.84  120.00    5.00    0.92  0.0700  0.0400  0.0300  0.0050  0.0040  0.0035  0.0660  0.0660  0.0660   1.266   0.633   0.729      6.    5.01   15.95    5.00    1.00    4.75    0.40    0.20  100.00   10.20   50.90    0.12    1.70    0.01    0.10    0.00    0.00    0.00     35.SPINACH
   60 CRRT   30.00    1.12   24.00    7.00    3.50    0.60   15.01   50.95    2.00   10.00    3.00  0.0070    0.85   35.00    0.30    1.10  660.41  0.0135  0.0036  0.0265    0.75    0.60  169.19  348.39  348.39    0.88  0.0550  0.0140  0.0120  0.0060  0.0030  0.0020  0.0340  0.0340  0.0340   1.266   0.633   0.729      4.    5.01   15.95   10.00    1.00    4.75    0.40    0.60  100.00   10.20   50.90    0.12    1.70    0.01    0.10    0.00    0.00    0.00     35.CARROTS
   61 ONIO   30.00    1.25   29.00    7.00    1.50    0.60   15.01   50.95    2.00   10.00    3.00  0.0070    0.85   35.00    1.20    0.70  660.41  0.0206  0.0032  0.0169    0.75    0.60  205.25  405.72  405.72    0.91  0.0400  0.0220  0.0200  0.0040  0.0020  0.0019  0.0300  0.0300  0.0300   1.266   0.633   0.729      4.    5.01   15.95   10.00    1.00    4.75    0.40    0.60  100.00   10.20   50.90    0.12    1.70    0.01    0.10    0.00    0.00    0.00     35.ONIONS
   62 SGBT   31.00    2.00   22.00    4.00    5.00    0.80    5.01   50.95    1.00    1.00    3.00  0.0070    0.85  200.00    1.20    2.00  660.35  0.0130  0.0020  0.0260    0.30    0.60    1.16  110.00   35.00    0.84  0.0550  0.0200  0.0120  0.0060  0.0020  0.0020  0.1000  0.0400  0.0240   1.138   0.603   0.332      4.    5.01   15.95   10.00    1.00    4.75    0.40    0.60  100.00    1.50   10.90    0.06    7.00    0.01    0.10    0.00    0.00    0.00     20.SUGARBEETS
   63 GRBN   25.00    0.10   27.00   10.00    1.50    0.90   10.05   80.95    1.00    1.00    3.00  0.0100    0.85   35.00    0.60    1.10  660.34  0.0299  0.0039  0.0215    0.10    0.60    2.96  120.00    5.00    0.90  0.0500  0.0300  0.0200  0.0060  0.0035  0.0025  0.0200  0.0200  0.0200   1.266   0.633   0.729      1.    5.01   15.95    5.00    1.00    4.75    0.40    0.20  100.00   10.20   50.90    0.19    1.00    0.01    0.10    0.00    0.00    0.00     35.GREEN BEANS
   64 LIMA   25.00    0.30   27.00   10.00    2.50    0.90   10.05   80.95    0.10    0.10    3.00  0.0100    0.85   35.00    0.60    1.50  660.34  0.0366  0.0046  0.0157    0.22    0.60    2.96  120.00    5.00    0.70  0.0550  0.0350  0.0250  0.0050  0.0030  0.0025  0.0200  0.0200  0.0200   1.266   0.633   0.729      1.    5.01   15.95    5.00    1.00    4.75    0.40    0.20  100.00   10.20   50.90    0.19    1.00    0.01    0.10    0.00    0.00    0.00     35.LIMA BEANS
   65 PEAS   25.00    0.30   27.00   10.00    2.50    0.60   10.05   80.95    1.00    1.00    3.00  0.0100    0.85   35.00    0.60    1.10  660.34  0.0410  0.0051  0.0180    0.22    0.60    0.90  120.00    5.00    0.79  0.0600  0.0400  0.0300  0.0030  0.0020  0.0015  0.0140  0.0130  0.0120   1.266   0.633   0.729      1.    5.01   15.10    5.00    1.00    4.75    0.40    0.20  100.00   10.20   50.90    0.10    2.50    0.01    0.10    0.00    0.00    0.00     35.PEAS
   66 CUCM   30.00    0.27   32.00   16.00    1.50    0.60   15.05   50.95    1.00    1.00    2.00  0.0070    0.85   90.00    0.80    1.10  660.41  0.0218  0.0043  0.0377    0.24    0.60  311.22  120.00    5.00    0.96  0.0400  0.0200  0.0150  0.0053  0.0025  0.0012  0.0300  0.0300  0.0300   1.266   0.633   0.729      5.    5.15   15.95    8.00    0.50    4.75    0.40    0.20  100.00    4.40    7.90    0.19    1.00    0.01    0.10    0.00    0.00    0.00      5.CUCUMBERS
   67 EGGP   30.00    0.59   35.00   18.00    3.00    0.60   15.05   50.95    0.10    0.10    2.00  0.0070    0.85   90.00    0.80    1.10  660.41  0.0218  0.0041  0.0271    0.29    0.60  197.37  120.00    5.00    0.92  0.0400  0.0200  0.0150  0.0053  0.0020  0.0012  0.0200  0.0200  0.0200   1.266   0.633   0.729      5.    5.15   15.95    8.00    0.50    4.75    0.40    0.20  100.00    5.20   25.90    0.19    1.00    0.01    0.10    0.00    0.00    0.00     20.EGGPLANT
   68 CANT   30.00    0.50   32.00   16.00    3.00    0.60   15.05   50.95    1.00    1.00    2.00  0.0070    0.85   90.00    0.90    1.30  660.41  0.0138  0.0017  0.0302    0.25    0.60   89.61  535.82    5.00    0.90  0.0300  0.0150  0.0100  0.0053  0.0020  0.0012  0.0200  0.0200  0.0200   1.266   0.633   0.729      5.    5.15   15.95    8.00    0.50    4.75    0.40    0.20  100.00    4.40    7.90    0.19    1.00    0.01    0.10    0.00    0.00    0.00      5.CANTALOUPE
   69 HMEL   30.00    0.55   35.00   16.00    4.00    0.60   15.05   50.95    1.00    1.00    2.00  0.0070    0.85   90.00    0.80    1.10  660.41  0.0072  0.0010  0.0262    0.28    0.60    0.40  564.48    5.00    0.90  0.0200  0.0100  0.0080  0.0026  0.0020  0.0017  0.0200  0.0200  0.0200   1.266   0.633   0.729      5.    5.15   15.95    8.00    0.50    4.75    0.40    0.20  100.00    4.40    7.90    0.19    1.00    0.01    0.10    0.00    0.00    0.00      5.HONEYDEW MELON
   70 WMEL   30.00    0.50   35.00   18.00    1.50    0.60   15.05   50.95    1.00    1.00    2.00  0.0070    0.85   90.00    0.80    1.10  660.41  0.0117  0.0011  0.0137    0.25    0.60  493.98  120.00    5.00    0.92  0.0250  0.0150  0.0100  0.0053  0.0025  0.0012  0.0100  0.0100  0.0100   1.266   0.633   0.729      5.    5.15   15.95    8.00    0.50    4.75    0.40    0.20  100.00    4.40    7.90    0.19    1.00    0.01    0.10    0.00    0.00    0.00      5.WATERMELON
   71 PEPR   30.00    0.60   27.00     12.    5.00    0.60   15.05   50.95    0.10    0.10    2.00  0.0070    0.85   90.00    0.80    1.10  660.41  0.0188  0.0030  0.0270    0.30    0.60 1481.94  120.00    5.00    0.93  0.0300  0.0200  0.0150  0.0053  0.0020  0.0012  0.0200  0.0200  0.0200   1.266   0.633   0.729      4.    5.15   15.95    8.00    0.50    4.75    0.40    0.20  100.00    5.20   25.90    0.19    1.00    0.01    0.10    0.00    0.00    0.00     20.PEPPERS
   72 STRW   30.00    0.45   32.00   10.00    3.00    0.60   15.05   50.95    1.00    1.00    2.00  0.0070    0.85   90.00    0.80    0.70  660.39  0.0116  0.0023  0.0210    0.22    0.60   32.10  120.00    5.00    0.92  0.0663  0.0255  0.0148  0.0053  0.0020  0.0012  0.0200  0.0200  0.0200   3.390   3.390   1.610      6.    5.15   15.95    8.00    0.50    4.75    0.40    0.20  100.00    5.20   25.90    0.19    1.00    0.01    0.10    0.00    0.00    0.00     20.STRAWBERRIES
   73 TOMA   30.00    0.33   27.00   10.00    3.00    0.95   15.05   50.95    0.10    0.10    2.00  0.0070    0.85   90.00    0.80    1.50  660.41  0.0235  0.0038  0.0342    0.17    0.60 1136.16  120.00    5.00    0.94  0.0663  0.0300  0.0250  0.0053  0.0035  0.0025  0.0530  0.0450  0.0400   1.138   0.603   0.332      4.    5.15   15.95    8.00    0.50    4.75    0.40    0.20  100.00    4.40    7.90    0.19    1.00    0.01    0.10    0.00    0.00    0.00      5.TOMATOES
   74 SPOT   15.00    0.60   29.00   14.00    5.00    0.60   15.05   50.95    1.00    1.00    3.00  0.0100    0.85  200.00    0.80    2.00  660.20  0.0097  0.0010  0.0075    0.60    0.60    0.31  120.00    5.00    0.73  0.0532  0.0200  0.0110  0.0078  0.0033  0.0015  0.0500  0.0500  0.0500   1.138   0.603   0.332      4.    5.15   15.95    3.00    0.50    4.75    0.40    0.60  100.00    4.40    7.90    0.00    0.00    0.01    0.10    0.00    0.00    0.00      5.SWEET POTATOES
   75 SCRN   39.00    0.55   35.00    8.00    3.00    0.50   15.01   50.95    0.50    0.50    3.00  0.0070    0.85   20.00    2.50    2.00  660.45  0.0214  0.0037  0.0112    0.28    0.60    9.12  100.00    5.00    0.76  0.0470  0.0177  0.0138  0.0048  0.0018  0.0014  0.0160  0.0130  0.0110   0.433   0.433   0.213      4.    5.15   15.95    8.00    0.50    4.75    0.40    0.20  100.00    4.47    7.77    0.12    1.70    0.01    0.10    0.00    0.00    0.00      6.SWEET CORN
   76 TOBC   39.00    0.55   25.00    8.00    8.00    0.70   15.05   50.95    1.00    1.00    3.00  0.0070    0.85   20.00    2.50    2.00  660.53  0.0140  0.0020  0.0000    0.54    0.60    5.62 4123.35    5.00    0.15  0.0470  0.0177  0.0138  0.0048  0.0018  0.0014  0.0200  0.0200  0.0200   0.433   0.433   0.213      4.    5.15   15.95    8.00    0.50    4.75    0.40    0.20  100.00    4.47    7.77    0.12    1.70    0.01    0.10    0.00    0.00    0.00      6.TOBACCO
   77 SUGC   25.00    0.50   25.00   11.00    6.00    0.75   15.01   50.95    0.50    0.10    3.00  0.0074    0.85  500.00    3.00    2.00  660.29  0.0069  0.0017  0.0159    0.50    0.60    0.22  400.00    5.00    0.77  0.0100  0.0040  0.0025  0.0075  0.0030  0.0019  0.0100  0.0040  0.0020   3.390   3.390   3.390      6.    5.15   15.95    8.00    0.50    4.80    0.40    0.20  100.00    5.50   10.90    0.06    1.70    0.01    0.10    0.00    0.00    0.00      7.SUGARCANE
   78 FESC   30.00    0.02   15.00    2.00    5.00    0.80   15.01   50.95    1.00    1.00    2.00  0.0070    0.85   90.00    1.20    2.00  660.41  0.0150  0.0020  0.0160    0.01    0.60    2.01  120.00    5.00    0.10  0.0400  0.0210  0.0120  0.0099  0.0039  0.0022  0.0230  0.0190  0.0160   3.390   3.390   3.390      6.    5.01   15.10    8.00    0.50    4.75    0.40    0.20  100.00   56.50   89.99    0.05    3.90    0.01    0.10    0.00    0.00    0.00     35.FESCUE
   79 PMIL   35.00    0.25   30.00   10.00    2.50    0.85   15.01   50.95    1.00    1.00    4.00  0.0120    0.85    5.00    2.50    2.00  660.40  0.0189  0.0049  0.0037    0.13    0.60    0.45  178.24    5.00    0.10  0.0440  0.0200  0.0100  0.0060  0.0022  0.0012  0.0280  0.0230  0.0200   0.657   0.657   0.320      4.    5.15   15.95    8.00    0.50    4.75    0.40    0.20  100.00    5.43   15.79    0.12    1.70    0.01    0.10    0.00    0.00    0.00     10.PEARL MILLET
   80 PINE   16.00    0.05   20.00    2.00    5.00    0.15   10.50   25.99    0.50    1.00    1.00  0.0070    0.85   80.00   20.00    2.00  660.22  0.0015  0.0003  0.0020    0.05    0.60    6.72 1000.00    5.00    0.01  0.0060  0.0020  0.0015  0.0007  0.0004  0.0003  0.0060  0.0030  0.0020   3.390   3.390   3.390      7.    5.01   15.03    3.00    0.50    4.75    0.40    0.20  100.00 1000.95  100.10    0.05    1.00    0.01    0.10    0.00      .1    0.00    600.PINE TREES
   81 MESQ   10.00    0.05   30.00   10.00    1.35    0.99    5.05   50.80    1.00    1.00    5.00  0.0070    0.85   80.00    6.00    3.50  660.14  0.0015  0.0003  0.0020    0.05    0.60    6.72 1000.00    5.00    0.01  0.0200  0.0100  0.0080  0.0007  0.0004  0.0003  0.0060  0.0030  0.0020   3.390   3.390   3.390      8.    5.10   15.50    8.00    1.00    4.75    0.40    0.20  100.00  120.88   20.13    0.05    1.00    0.01    0.10    0.00     .01    0.00    100.MESQUITE TREES
   82 APPL   15.00    0.10   22.00    6.00    4.00    0.99   10.15   50.75    1.00    1.00    5.00  0.0070    0.85   80.00    3.50    1.00  660.20  0.0019  0.0004  0.0072    0.05    0.60    6.72 1000.00    5.00    0.84  0.0060  0.0020  0.0015  0.0007  0.0004  0.0003  0.0080  0.0080  0.0080   3.390   3.390   3.390      8.    5.01   15.10    3.00    0.50    4.75    0.40    0.20  100.00  120.88   20.13    0.05    1.00    0.01    0.10    0.00     .01    0.00    100.APPLE TREES
   83 COTB   25.00    0.60   27.50   12.50    6.00    0.95   15.05   50.95    0.50    0.50    3.00  0.0200    0.85   25.00    1.00    2.20  660.20  0.0140  0.0020  0.0140    0.30    0.60    2.82 1212.75  116.87    0.01  0.0580  0.0190  0.0177  0.0081  0.0027  0.0025  0.0300  0.0220  0.0150   1.138   0.603   0.332      9.    5.15   15.95    3.00    1.00    4.30    0.40    0.10  100.00    3.20   10.90    0.05    7.70    0.01    0.10    0.00    0.27    0.38
   84 COTL   25.00    0.60   27.50   12.50    6.00    0.95   15.05   50.95    0.50    0.50    3.00  0.0200    0.85   25.00    1.00    2.20  660.20  0.0140  0.0020  0.0140    0.30    0.60    2.82 1212.75  116.87    0.01  0.0580  0.0190  0.0177  0.0081  0.0027  0.0025  0.0300  0.0220  0.0150   1.138   0.603   0.332      9.    5.15   15.95    3.00    1.00    4.30    0.40    0.10  100.00    3.20   10.90    0.05    7.70    0.01    0.10    0.00    0.32    0.38
   85 COTT   25.00    0.60   27.50   12.50    6.00    0.95   15.05   50.95    0.50    0.50    3.00  0.0200    0.85   25.00    1.00    2.20  660.20  0.0140  0.0020  0.0140    0.30    0.60    2.82 1212.75  116.87    0.01  0.0580  0.0190  0.0177  0.0081  0.0027  0.0025  0.0300  0.0220  0.0150   1.138   0.603   0.332      9.    5.15   15.95    3.00    1.00    4.30    0.40    0.10  100.00    3.20   10.90    0.05    7.70    0.01    0.10    0.00    0.27    0.38
   86 COTZ   25.00    0.60   27.50   12.50    6.00    0.95   15.05   50.95    0.50    0.50    3.00  0.0200    0.85   25.00    1.00    2.20  660.20  0.0140  0.0020  0.0140    0.30    0.60    2.82 1212.75  116.87    0.01  0.0580  0.0190  0.0177  0.0081  0.0027  0.0025  0.0300  0.0220  0.0150   1.138   0.603   0.332      9.    5.15   15.95    3.00    1.00    4.30    0.40    0.10  100.00    3.20   10.90    0.05    7.70    0.01    0.10    0.00    0.27    0.38
   87 COTX   25.00    0.60   27.50   12.50    6.00    0.95   15.05   50.95    0.50    0.50    3.00  0.0200    0.85   25.00    1.00    2.20  660.20  0.0140  0.0020  0.0140    0.30    0.60    2.82 1212.75  116.87    0.01  0.0580  0.0190  0.0177  0.0081  0.0027  0.0025  0.0300  0.0220  0.0150   1.138   0.603   0.332      9.    5.15   15.95    3.00    1.00    4.30    0.40    0.10  100.00    3.20   10.90    0.05    7.70    0.01    0.10    0.00    0.27    0.38
   88 WWCR   35.00    0.45   15.00    0.00    6.00    0.60   15.01   50.95    1.00    1.00    2.00  0.0070    0.85   90.00    1.00    2.00  660.47  0.0249  0.0033  0.0042    0.21    0.60    0.26  153.62   20.00    0.12  0.0600  0.0230  0.0134  0.0084  0.0032  0.0019  0.0230  0.0200  0.0170   3.390   3.390   1.610      5.    5.01   15.10    6.00    0.50    4.75    0.40    0.20  100.00  125.60  250.95    0.07    6.00    0.01    0.10    0.00    0.00    0.00
   89 WWLP   35.00    0.45   15.00    0.00    6.00    0.60   15.01   50.95    1.00    1.00    2.00  0.0070    0.85   90.00    1.00    2.00  660.47  0.0249  0.0033  0.0042    0.21    0.60    0.26  153.62   20.00    0.12  0.0600  0.0230  0.0134  0.0084  0.0032  0.0019  0.0230  0.0200  0.0170   3.390   3.390   1.610      5.    5.01   15.10    6.00    0.50    4.75    0.40    0.20  100.00  125.60  250.95    0.07    6.00    0.01    0.10    0.00    0.00    0.00
   90 POPL   30.00    0.05   30.00   10.00    5.00    0.99    5.05   40.95    1.00    1.00    5.00  0.0070    0.85   80.00    7.50    3.50  660.41  0.0015  0.0003  0.0020    0.05    0.60    6.72 1000.00    5.00    0.01  0.0060  0.0020  0.0015  0.0007  0.0004  0.0003  0.0060  0.0030  0.0020   3.390   3.390   3.390      8.    5.10   15.50    8.00    1.00    4.75    0.40    0.20  100.00  500.95   20.15    0.05    1.00    0.01    0.10    0.00     .01    0.00     40.POPLAR TREES
   91 BLOC   25.00    0.05   30.00   10.00    7.00    0.99    2.50   10.95    1.00    1.00    5.00  0.0070    0.85   80.00    6.00    3.50  660.34  0.0015  0.0003  0.0020    0.05    0.60    6.72 1000.00    5.00    0.01  0.0200  0.0100  0.0080  0.0007  0.0004  0.0003  0.0060  0.0030  0.0020   3.390   3.390   3.390      8.    5.10   15.50    8.00    1.00    4.75    0.40    0.20  100.00  120.88   20.13    0.05    1.00    0.01    0.10    0.00     .01    0.00    100.BLACK LOCUST TR
   92 SWCH   45.00    0.02   25.00     10.   12.00      .8   15.05   50.95      1.      1.    2.00  0.0074    0.85   80.00    2.50    2.20  660.52  0.0160  0.0012  0.0060    0.01    0.60    2.20    0.00    0.00    0.10  0.0300  0.0150  0.0080  0.0016  0.0010  0.0007  0.0082  0.0047  0.0035   3.390   3.390   3.390      6.    5.15   15.95   10.00    1.00    4.75    0.40    0.20  100.00   22.50   40.71    0.00    0.00    0.01    0.10    0.00      3.    0.00     35.SWITCHGRASS
   93 DRYB   25.00    0.30   27.00   10.00    1.50    0.90   10.05   80.95    1.00    1.00    3.00  0.0100    0.85   35.00    0.60    1.10  660.34  0.0375  0.0047  0.0149    0.15    0.60    2.20  304.29    0.00    0.11  0.0450  0.0300  0.0250  0.0045  0.0030  0.0025  0.0091  0.0076  0.0007   1.266   0.633   0.729      1.    5.15   15.95    5.00    0.50    4.75    0.40    0.20  100.00   30.43   50.71    0.00    0.00    0.01    0.10    0.00    0.00    0.00     45.DRYBEANS
   94 FABN   25.00    0.50   21.00    7.00    4.00    0.70   15.01   50.95    1.00    1.00    2.00  0.0100    0.85   25.00    0.70    2.00  660.34  0.0472  0.0050  0.0132    0.25    0.60    2.20    0.00    0.00    0.81  0.0460  0.0300  0.0230  0.0048  0.0030  0.0025  0.0081  0.0067  0.0061   1.266   0.633   0.729      1.    5.15   15.95    5.00    0.50    4.75    0.40    0.20  100.00   30.43   50.71    0.00    0.00    0.01    0.10    0.00    0.00    0.00     45.FABA BEANS
   95 SOGR   12.00    0.15   25.00    8.00    1.70    0.35    5.05   30.70    0.10   10.00    4.00  0.0070    0.85    5.00    0.80    2.00  660.14  0.0170  0.0010  0.0060    0.08    0.60    2.20    0.00    0.00    0.11  0.0300  0.0160  0.0080  0.0018  0.0010  0.0008  0.0082  0.0047  0.0035   3.390   3.390   3.390      6.    5.01   15.95    8.00    0.50    4.75    0.40    0.20  100.00   22.50   40.71    0.00    0.00    0.01    0.10    0.00    0.00    0.00     35.SIDEOATSGRAMAGR
   96 BBGR     25.    0.15   25.00    8.00    7.60    0.90   15.01   50.95    0.50   10.00    4.00  0.0070    0.85    5.00    0.80    2.00  660.18  0.0180  0.0010  0.0060    0.08    0.60    2.20    0.00    0.00    0.13  0.0300  0.0170  0.0100  0.0021  0.0010  0.0008  0.0082  0.0047  0.0035   3.390   3.390   3.390      6.    1.01    5.95    8.00    0.50    4.75    0.40    0.20  100.00   22.50   40.71    0.00    0.00    0.01    0.10    0.00    0.00    0.00     35.BIG BLUESTEM GR
   97 EGGR   22.00    0.15   25.00    8.00    4.80    0.40    5.18   25.90    0.20   10.00    4.00  0.0070    0.85    5.00    0.80    2.00  660.25  0.0150  0.0010  0.0060    0.08    0.60    2.20    0.00    0.00    0.12  0.0300  0.0150  0.0085  0.0018  0.0010  0.0008  0.0082  0.0047  0.0035   3.390   3.390   3.390      6.    5.01   15.95    8.00    0.50    4.75    0.40    0.20  100.00   22.50   40.71    0.00    0.00    0.01    0.10    0.00    0.00    0.00     35.EASTERNGAMAGRASS
   98 JHGR   35.00    0.15   30.00   11.00    5.00    0.50   15.05   57.95    1.00    1.00    3.00  0.0070    0.85   20.00    1.00    2.00  660.40  0.0150  0.0028  0.0100    0.08    0.60    2.20    0.00    0.00    0.14  0.3000  0.0164  0.0128  0.0060  0.0028  0.0010  0.0000  0.0000  0.0000   3.390   3.390   1.610      4.    5.15   15.95    8.00    0.50    4.75    0.40    0.20  100.00    1.10   10.95    0.00    0.00    0.01    0.10    0.00    0.00    0.00      7.JOHNSONGRASS
   99 GTFX   37.00    0.10   25.00   10.00    5.00    0.60   15.05   54.95    2.00    1.00    3.00  0.0070    0.85   35.00    1.00    2.00  660.50  0.0150  0.0091  0.0100    0.05    0.60    2.20    0.00    0.00    0.13  0.0300  0.0265  0.0258  0.0074  0.0037  0.0035  0.0230  0.0109  0.0089   3.390   3.390   1.610      4.    5.15   15.95    8.00    0.50    4.75    0.40    0.20  100.00   30.30   70.75    0.00    0.00    0.01    0.10    0.00    0.00    0.00     65.GIANT FOXTAIL
  100 COCB   33.00    0.40   25.00   10.00    2.50    0.60   15.05   50.95    0.50    1.00    3.00  0.0070    0.85   35.00    1.00    2.00  660.45  0.0650  0.0091  0.0000    0.20    0.60    2.20    0.00    0.00    0.10  0.0300  0.0265  0.0258  0.0074  0.0037  0.0035  0.0000  0.0000  0.0000   1.266   0.633   0.729      4.    5.15   15.95    8.00    0.50    4.75    0.40    0.20  100.00    1.60    3.95    0.00    0.00    0.01    0.10    0.00    0.00    0.00      2.COCKLEBUR
  101 VELV   27.00    0.02   25.00    4.00    3.80    0.90   15.05   50.95    1.00    1.00    3.00  0.0070    0.85   35.00    1.25    1.00  660.36  0.0650  0.0091  0.0000    0.01    0.60    2.20    0.00    0.00    0.13  0.0300  0.0265  0.0258  0.0074  0.0037  0.0035  0.0000  0.0000  0.0000   1.266   0.633   0.729      4.    5.15   15.95    8.00    0.50    4.75    0.40    0.20  100.00    2.22    5.56    0.00    0.00    0.01    0.10    0.00    0.00    0.00      6.VELVETLEAF
  102 GRFX   37.00    0.15   25.00   10.00    3.50    0.60   15.05   54.95    1.00    1.00    3.00  0.0070    0.85   35.00    0.70    2.00  660.50  0.0150  0.0091  0.0100    0.08    0.60    2.20    0.00    0.00    0.13  0.0300  0.0265  0.0258  0.0074  0.0037  0.0035  0.0230  0.0109  0.0089   3.390   3.390   1.610      4.    5.15   15.95    8.00    0.50    4.75    0.40    0.20  100.00   30.30   70.75    0.00    0.00    0.01    0.10    0.00    0.00    0.00     60.GREEN FOXTAIL
  103 CEAT   35.00    0.10   25.00    6.00    3.00    0.85   15.05   54.95    2.00    1.00    4.00  0.0070    0.85    5.00    0.80    1.30  660.47  0.0230  0.0033  0.0000    0.05    0.60    2.20    0.00    0.00    0.13  0.0300  0.0265  0.0258  0.0074  0.0037  0.0035  0.0000  0.0000  0.0000   3.390   3.390   1.610      6.    5.15   15.95    8.00    0.50    4.75    0.40    0.20  100.00   30.30   70.75    0.00    0.00    0.01    0.10    0.00    0.00    0.00     60.CHEAT GRASS
  104 LBST   25.00    0.15   25.00   12.00    3.00    0.35    5.10   25.70    0.50   10.00    2.00  0.0074    0.85    6.00    1.00    2.00  660.29  0.0106  0.0010  0.0060    0.08    0.60    2.20    0.00    0.00    0.10  0.0300  0.0106  0.0078  0.0018  0.0010  0.0008  0.0082  0.0047  0.0035   3.390   3.390   3.390      6.    1.01    5.95    8.00    0.50    4.75    0.40    0.20  100.00   22.50   50.95    0.00    0.00    0.01    0.10    0.00    0.00    0.00     35.LITTLEBLUESTEMGR
  105 SOAT   12.00    0.15   25.00   12.00    4.00    0.35    5.05   30.70    0.10   10.00    2.00  0.0074    0.85    6.00    0.40    1.40  660.14  0.0114  0.0010  0.0060    0.08    0.60    2.20    0.00    0.00    0.10  0.0300  0.0114  0.0086  0.0018  0.0010  0.0008  0.0082  0.0047  0.0035   3.390   3.390   3.390      6.    5.01   15.95    8.00    0.50    4.75    0.40    0.20  100.00   22.50   40.71    0.00    0.00    0.01    0.10    0.00    0.00    0.00
  106 GRMA   18.00    0.15   25.00   12.00    2.00    0.35    5.05   30.70    0.10   10.00    2.00  0.0074    0.85    6.00    0.30    1.40  660.21  0.0131  0.0010  0.0120    0.08    0.60    2.20    0.00    0.00    0.10  0.0300  0.0131  0.0086  0.0018  0.0010  0.0008  0.0268  0.0153  0.0115   3.390   3.390   3.390      6.    5.01   15.95    8.00    0.50    4.75    0.40    0.20  100.00   22.50   40.71    0.00    0.00    0.01    0.10    0.00    0.00    0.00     35.GRAMAGRASS
  107 BUFF   20.00    0.15   25.00   12.00    2.00    0.50   10.20   20.95    0.20   10.00    2.00  0.0074    0.85    6.00    0.20    1.40  660.23  0.0122  0.0010  0.0060    0.08    0.60    2.20    0.00    0.00    0.09  0.0300  0.0157  0.0091  0.0018  0.0010  0.0008  0.0082  0.0047  0.0035   3.390   3.390   3.390      6.    5.01   15.95    8.00    0.50    4.75    0.40    0.20  100.00   22.50   40.71    0.00    0.00    0.01    0.10    0.00    0.00    0.00     35.BUFFALO GRASS
  108 CO00   25.00    0.60   27.50   12.50    6.00    0.95   15.05   50.95    0.50    0.50    3.00  0.0200    0.85   25.00    1.00    2.20  660.20  0.0140  0.0020  0.0140    0.30    0.60    2.82 1212.75  116.87    0.01  0.0580  0.0190  0.0177  0.0081  0.0027  0.0025  0.0300  0.0220  0.0150   1.138   0.603   0.332      9.    5.15   15.95    3.00    1.00    4.30    0.40    0.10  100.00    3.20   10.90    0.05    7.70    0.01    0.10    0.00    0.27    0.38
  109 2001   35.00    0.45   15.00    0.00    6.00    0.60   15.01   50.95    1.00    1.00    2.00  0.0070    0.85   90.00    1.00    2.00  660.47  0.0249  0.0033  0.0042    0.21    0.60    0.26  153.62   20.00    0.12  0.0600  0.0230  0.0134  0.0084  0.0032  0.0019  0.0230  0.0200  0.0170   3.390   3.390   1.610      5.    5.01   15.10    6.00    0.50    4.75    0.40    0.20  100.00  125.60  250.95    0.07    6.00    0.01    0.10    0.00    0.00    0.00
  110 CT01   25.00    0.60   27.50   12.50    6.00    0.95   15.05   50.95    0.50    0.50    3.00  0.0200    0.85   25.00    1.00    2.20  660.20  0.0140  0.0020  0.0140    0.30    0.60    2.82 1212.75  116.87    0.01  0.0580  0.0190  0.0177  0.0081  0.0027  0.0025  0.0300  0.0220  0.0150   1.138   0.603   0.332      9.    5.15   15.95    3.00    1.00    4.30    0.40    0.10  100.00    3.20   10.90    0.05    7.70    0.01    0.10    0.00    0.27    0.38
  111 WW02   35.00    0.45   15.00    0.00    6.00    0.60   15.01   50.95    1.00    1.00    2.00  0.0070    0.85   90.00    1.00    2.00  660.47  0.0249  0.0033  0.0042    0.21    0.60    0.26  153.62   20.00    0.12  0.0600  0.0230  0.0134  0.0084  0.0032  0.0019  0.0230  0.0200  0.0170   3.390   3.390   1.610      5.    5.01   15.10    6.00    0.50    4.75    0.40    0.20  100.00  125.60  250.95    0.07    6.00    0.01    0.10    0.00    0.00    0.00
  112 LA02   25.00    0.60   27.50   12.50    6.00    0.95   15.05   50.95    0.50    0.50    3.00  0.0200    0.85   25.00    1.00    2.20  660.20  0.0140  0.0020  0.0140    0.30    0.60    2.82 1212.75  116.87    0.01  0.0580  0.0190  0.0177  0.0081  0.0027  0.0025  0.0300  0.0220  0.0150   1.138   0.603   0.332      9.    5.15   15.95    3.00    1.00    4.30    0.40    0.10  100.00    3.20   10.90    0.05    7.70    0.01    0.10    0.00    0.32    0.38
  113 SGUM   16.00    0.75   25.00    5.00    5.00    0.75   15.40   30.80    0.50    1.00    1.00  0.0050    0.85   80.00   20.00    2.00  660.20  0.0015  0.0003  0.0020    0.05    0.60    3.00    0.00  100.00    0.01  0.0060  0.0020  0.0015  0.0007  0.0004  0.0003  0.0060  0.0030  0.0020   3.390   3.390   3.390      8.    5.10   15.50    8.00    1.00    4.75    0.40    0.20  100.00 1000.95  100.05    0.05    1.00    0.01    0.10    0.00     .01    0.00    800.SWEETGUM TREE
  114 CASS   15.00    0.95   27.50   12.00    3.00    0.80   15.01   50.95    2.00   10.00    4.00  0.0070    0.85  200.00    2.00    2.00  660.20  0.0130  0.0030  0.0260    0.01    0.60    0.10   50.00    0.70    0.50  0.0400  0.0100  0.0070  0.0060  0.0030  0.0020  0.0300  0.0300  0.0300   1.260   0.633   0.320      4.    5.01   15.95   10.00    1.00    4.30    0.40    0.60  100.00    5.20   20.90    0.12    1.70    0.01    0.10    0.00    0.00    0.00     10.CASAVA
  115 COWP   25.00    0.45   25.00   12.00    5.00    0.75   15.10   80.95    1.00    1.00    4.50  0.0100    0.85   25.00    1.20    1.00  660.34  0.0400  0.0050  0.0180    0.05    0.60    0.33   24.00   10.00    0.12  0.0515  0.0335  0.0296  0.0074  0.0037  0.0035  0.0140  0.0130  0.0120   1.260   0.630   0.320      1.    5.01   15.10    7.00    1.00    4.75    0.40    0.20  100.00    1.10   10.90    0.12    4.90    0.01    0.10    0.00    0.00    0.00     10.COWPEA
  116 CHKP   20.00    0.52   22.50   10.00    2.00    0.50   15.01   50.95    1.00    0.50    3.00  0.0078    0.85  100.00    0.50    1.70  660.25  0.0400  0.0050  0.0180    0.01    0.60   10.00  100.00   10.00    0.13  0.0550  0.0300  0.0230  0.0074  0.0037  0.0035  0.0140  0.0130  0.0120   1.266   0.633   0.320      1.    5.02   15.95   10.00    1.00    4.75    0.40    0.20  100.00    1.10   10.90    0.12    4.90    0.01    0.10    0.00    0.00    0.00     10.CHICK PEA
  117 BAHG   30.00    0.01   25.00    8.00    5.00    0.99   15.01   50.95    1.00    1.00    2.00  0.0070    0.85    5.00    1.00    2.00  660.38  0.0030  0.0234  0.0033    0.01    0.60    4.41   20.00    5.00    0.10  0.0600  0.0231  0.0134  0.0084  0.0032  0.0019  0.0000  0.0000  0.0000   3.390   3.390   3.390      6.    5.50   15.95    7.00    0.50    4.75    0.40    0.20  100.00   10.10  100.90    0.00    0.00    0.01    0.10    0.00    0.00    0.00        BAHIA GRASS
  118 BUWH   25.00    0.23   25.00    5.00    3.00    0.49   15.02   45.95    0.30    0.30    3.00  0.0078    0.90  100.00    1.00    1.00  660.39  0.2000  0.0380  0.0079    0.00    0.90    4.80  100.00    5.00    0.12  0.0440  0.0182  0.0164  0.0073  0.0037  0.0023  0.0000  0.0000  0.0000   1.270   0.600   0.730      1.    5.05   15.10   10.00    0.50    4.75    0.40    0.20  100.00    1.10   10.90    0.00    0.00    0.01    0.10    0.00    0.00    0.00        BUCKWHEAT
  119 PRMI   35.00    0.25   30.00   10.00    2.50    0.85   15.01   50.95    1.00    1.00    4.00  0.0120    0.85    5.00    1.00    1.00  660.40  0.0500  0.0190  0.0030    0.10    0.60    0.20  140.00    5.00    0.05  0.0440  0.0200  0.0100  0.0060  0.0022  0.0012  0.0000  0.0000  0.0000   0.657   0.657   0.320      4.    5.01   15.05    8.00    0.50    4.75    0.40    0.20  100.00    1.10   10.90    0.00    0.00    0.01    0.10    0.00    0.00    0.00        PROSO MILLET
  120 SEBK   30.00    0.75   25.00    5.00    4.00    0.99    5.05   40.95    1.00    1.00    5.00  0.0050    0.85   80.00    3.00    3.50  660.35  0.0500  0.0015  0.0003    0.74    0.95    3.00 1000.00    5.00    0.01  0.0200  0.0100  0.0080  0.0007  0.0004  0.0003  0.0000  0.0000  0.0000   3.390   3.390   3.390      3.   20.01   40.90    8.00    0.50    4.75    0.40    0.20  100.00 1000.95  100.10    0.00    0.00    0.01    0.10    0.00    0.00    0.00        SEA BUCKTHORN
  121 POAN   30.00    0.02   18.00    0.00    5.00    0.50    5.50   50.99    0.50    1.00    2.00  0.0070    0.85   90.00    0.80    1.30  660.41  0.0220  0.0028  0.0060    0.01    0.60    1.33  120.00    5.00    0.10  0.0660  0.0250  0.0147  0.0105  0.0040  0.0024  0.0230  0.0150  0.0110   3.390   3.390   1.610      5.    5.01   15.10    6.00    0.50    4.75    0.40    0.20  100.00   10.10  100.90    0.07    6.00    0.01    0.10    0.00    0.00    0.00        POA
  122 RAPE    25.0     .25    13.5     0.0     4.0     .65   15.01   50.95    1.00    0.50     2.0   .0070     .85     2.5   1.300     2.0  660.30   .0350   .0067     .02     .01     .60    0.18    120.   0.000            .050   .0200   .0110   .0070   .0025   .0015                           1.138   0.603   0.322      5.    5.01   15.10    10.0     1.0    4.75     .40     .2   100.00    10.2   100.9     0.0     0.0     .01     .10                                RAPESEED
  123 GRAP    30.0     .02    30.0    10.0     2.0    .900    5.01   50.95    1.00    1.00     3.0   .0070    .850   100.0    2.00    2.00  660.35    .020   .0025             .01    0.60   1.000  1000.0           0.900   .0100   .0040   .0030   .0014   .0008   .0006                            3.39    3.39    3.39      6.   15.01   23.50    10.0     1.0    4.75    0.40     .20            1.25     5.9     0.0     0.0     .01    0.10    0.0                         GRAPE  
  124 PTOM   24.00    0.60   27.00   10.00    4.50    0.75   10.01   55.95    0.20    2.50    2.00  0.0130    0.85   90.00    1.00    1.50  660.41  0.0300  0.0045  0.0342    0.17    0.60 1136.16  120.00    5.00    0.94  0.0500  0.0270  0.0220  0.0060  0.0035  0.0030  0.0530  0.0450  0.0400   1.138   0.603   0.332      4.    5.15   15.95    8.00    1.00    3.75    0.20    0.10  100.00    4.40    7.90    0.19    1.00    0.01    0.10    0.00    0.00    0.00      5.PROCESSING TOMATOES
  125 BRSH   10.00    0.05   30.00   10.00    1.35    0.99    5.05   40.95    1.00    1.00    5.00  0.0050    0.85   80.00    6.00    3.50  660.15  0.0015  0.0003  0.0020    0.05    0.60    6.72 1000.00    5.00    0.01  0.0200  0.0100  0.0080  0.0007  0.0004  0.0003  0.0060  0.0030  0.0020   3.390   3.390   3.390      8.    5.10   15.50    8.00    1.00    4.75    0.40    0.20  100.00  120.88   20.13    0.05    1.00    0.01    0.10    0.00    0.00    0.00    100.CRP WEST BRUSH
  126 LESP     15.    0.02   25.00     10.    5.00    0.60   15.01   50.95    0.50    0.50    3.00  0.0100    0.85   15.00    1.25    2.00  660.27  0.0601  0.0066  0.0074    0.01    0.60    3.64   77.00  172.86    0.12  0.0515  0.0291  0.0247  0.0082  0.0028  0.0022  0.0231  0.0189  0.0178   3.390   3.390   3.390      3.    5.01   15.10    4.00    0.50    4.75    0.40    0.20  100.00   22.50   40.71    0.07    2.00    0.01    0.10    0.00    0.00    0.00     35.LESP
  127 ORCH   30.00    0.02   15.00    0.00    5.00    0.80   15.01   50.95    1.00    1.00    2.00  0.0070    0.85   90.00    1.20    2.00  660.41  0.0150  0.0020  0.0160    0.01    0.60    2.01  120.00    5.00    0.10  0.0444  0.0233  0.0133  0.0085  0.0034  0.0019  0.0230  0.0190  0.0160   3.390   3.390   3.390      6.    5.01   15.10    8.00    0.50    4.75    0.40    0.20  100.00   22.50   40.71    0.05    3.90    0.01    0.10    0.00    0.00    0.00     35.ORCHARD GRASS
  128 LOVE   30.00    0.02   15.00    0.00    5.00    0.80   15.01   50.95    1.00    1.00    2.00  0.0070    0.85   90.00    1.20    2.00  660.41  0.0150  0.0020  0.0160    0.01    0.60    2.01  120.00    5.00    0.10  0.0400  0.0210  0.0120  0.0099  0.0039  0.0022  0.0230  0.0190  0.0160   3.390   3.390   3.390      6.    5.01   15.10    8.00    0.50    4.75    0.40    0.20  100.00   22.50   40.71    0.05    3.90    0.01    0.10    0.00    0.00    0.00     35.LOVE GRASS
  129 ASH    25.00    0.05   30.00   10.00    7.00    0.99    5.05   40.95    1.00    1.00    4.00  0.0120    0.85   80.00    6.00    3.50  660.34  0.0015  0.0003  0.0020    0.05    0.60    6.72 1000.00    5.00    0.01  0.0060  0.0020  0.0015  0.0007  0.0004  0.0003  0.0060  0.0030  0.0020   3.390   3.390   3.390      8.    5.10   15.50    8.00    1.00    4.75    0.40    0.20  100.00   68.99   20.35    0.05    1.00    0.01    0.10    0.00     .01    0.00     40.ASH TREES
  130 OAK    15.00    0.75   30.00   10.00    5.00    0.99    5.05   40.95    1.00    1.00    5.00  0.0050    0.85   80.00    6.00    3.50  660.15  0.0015  0.0003  0.0020    0.05    0.60    3.00    0.00  100.00    0.01  0.0060  0.0020  0.0015  0.0007  0.0004  0.0003  0.0060  0.0030  0.0020   3.390   3.390   3.390      8.    5.10   15.50    8.00    1.00    4.75    0.40    0.20  100.00 1000.95  100.05    0.05    1.00    0.01    0.10    0.00     .01    0.00    800.OAK TREE
  131 SHBG   30.00    0.02   24.00    4.00    1.50    0.80   15.01   50.95    1.00    1.00    2.00  0.0074    0.85   90.00    1.00    2.00  660.41  0.0150  0.0020  0.0160    0.01    0.60    2.20    0.00    0.00    0.10  0.0468  0.0246  0.0140  0.0109  0.0043  0.0024  0.0230  0.0190  0.0160   3.390   3.390   3.390      6.    5.01   15.95    8.00    0.50    4.75    0.40    0.20  100.00   22.50   40.71    0.00    0.00    0.01    0.10    0.00    0.00    0.00     35.SHERMAN BLUE GRASS
  132 KNAF   60.00    0.40   27.50   12.50    6.00    0.95   15.05   50.95    0.50    0.50    3.00  0.0200    0.85   25.00    6.00    2.20  660.45  0.0190  0.0029  0.0140    0.30    0.60    2.82 1212.75  116.87    0.01  0.0580  0.0190  0.0177  0.0081  0.0027  0.0025  0.0300  0.0220  0.0150   1.138   0.603   0.332      4.    1.15    5.95    3.00    1.00    4.30    0.40    0.20  100.00    3.20   10.90    0.05    7.70    0.01    0.10    0.00    0.00    0.00     10.KENAF
  133 INDI   25.00    0.15   25.00   12.00      5.    0.35    5.10   25.70    0.50   10.00    2.00  0.0074    0.85    6.00    1.00    2.00  660.29  0.0106  0.0010  0.0060    0.08    0.60    2.20    0.00    0.00    0.10  0.0300  0.0106  0.0078  0.0018  0.0010  0.0008  0.0082  0.0047  0.0035   3.390   3.390   3.390      6.    1.01    5.95    8.00    0.50    4.75    0.40    0.20  100.00   22.50   50.95    0.00    0.00    0.01    0.10    0.00    0.00    0.00     35.INDIAN GRASS
  134 COFF   10.00    0.15   30.00   10.00    1.35    0.99    5.05   40.95    1.00    1.00    5.00  0.0070    0.85   80.00    6.00    3.50  660.14  0.0015  0.0003  0.0020    0.05    0.60    6.72 1000.00    5.00    0.01  0.0200  0.0100  0.0080  0.0007  0.0004  0.0003  0.0060  0.0030  0.0020   3.390   3.390   3.390      7.    5.10   15.50    8.00    1.00    4.75    0.40    0.20  100.00  120.88   20.13    0.05    1.00    0.01    0.10    0.00    0.00    0.00    100.COFFEE
  135 MISC   45.00    0.02   25.00    8.00   10.00    0.90   15.25   50.99    0.10   10.00    3.00  0.0074    0.85   80.00    4.00    2.20  660.52  0.0070  0.0009  0.0060    0.01    0.60    2.20    0.00    0.00    0.55  0.0300  0.0080  0.0020  0.0019  0.0012  0.0009  0.0110  0.0071  0.0060   3.390   3.390   3.390      6.    5.15   15.95   10.00    0.80    4.75    0.70    0.30  100.00    5.50   10.90    0.06    1.70    0.01    0.11    0.00    0.00    0.00    100.MISCANTHUS 
   #  NAME    WA      HI     TOP     TBS    DMLA    DLAI   DLAP1   DLAP2    RLAD    RBMD     ALT     GSI     CAF     SDW     HMX    RDMX    WAC2     CNY     CPY     CKY    WSYF     PST    COSD    PRYG    PRYF     WCY     BN1     BN2     BN3     BP1     BP2     BP3     BK1     BK2     BK3     BW1     BW2     BW3     IDC   FRST1   FRST2    WAVP    VPTH    VPD2   RWPC1   RWPC2    GMHU   PPLP1   PPLP2    STX1    STX2    BLG1    BLG2     WUB     FTO     FLT


