    1 B-FRESH    0.014   0.008   0.000   0.026   0.004   0.990     .35           0.012
    2 B-FDLT-S   0.001   0.003   0.000   0.009   0.002   0.990     .35           0.012
    3 B-FDLT-P   0.030   0.004   0.000   0.020   0.002   0.990     .35           0.009
    4 B-FRESH2   .0238  0.0080          0.0104  0.0040    .990     .35
    5 D-FRESH    0.012   0.004   0.000   0.021   0.002   0.990     .35           0.012
    6 D-SO-MNU   .0017   .0066           .0218   .0038   .9716     .42
    7 D-1-LAGE   0.700   0.150   0.000   0.080   0.070   0.900     .35           0.012
    8 D-SO-LGN   0.049   0.082   0.000   0.648   0.221   0.972     .35           0.012
    9 D-LQ-LGN   0.566   0.090   0.000   0.102   0.242   0.987     .35           0.012
   10 goat-fsh   0.019   0.010   0.000   0.038   0.005   0.990     .35           0.012
   11 hog-frsh   0.021   0.016   0.000   0.040   0.007   0.990     .35           0.012
   12 horse-fs   0.013   0.006   0.000   0.023   0.003   0.990     .35           0.012
   13 P-DPIT-B   0.010   0.010   0.000   0.010   0.007   0.990     .35           0.000
   14 P-DPIT-L   0.010   0.010   0.000   0.010   0.007   0.990     .35           0.012
   15 P-FRSH-B   0.006   0.010   0.000   0.054   0.007   0.990     .35           0.012
   16 P-FRSH-D   0.003   0.005   0.000   0.027   0.002   0.990     .35           0.012
   17 P-FRSH-G   0.003   0.010   0.000   0.027   0.006   0.990     .35           0.012
   18 P-FRSH-L   0.005   0.010   0.000   0.045   0.007   0.990     .35           0.012
   19 P-FRSH-P   0.003   0.010   0.000   0.027   0.005   0.990     .35           0.012
   20 P-FRSH-T   0.006   0.010   0.000   0.054   0.007   0.990     .35           0.012
   21 P-LIQ-B    0.004   0.010   0.000   0.040   0.007   0.990     .35           0.012
   22 P-LIQ-L    0.004   0.010   0.000   0.040   0.007   0.990     .35           0.012
   23 P-MPIT-B   0.020   0.010   0.000   0.020   0.007   0.990     .35           0.012
   24 P-MPIT-L   0.020   0.010   0.000   0.020   0.007   0.990     .35           0.012
   25 sheep-fs   0.018   0.007   0.000   0.035   0.003   0.990     .35           0.012
   26 veal-fsh   1.000   1.000   1.000   1.000   1.000   1.000   1.000           0.100
   27 RIESEL01   .0027   .0018   0.000   .0432   .0406   0.850     .56           0.000
   28 RIESEL02   .0051   .0014   0.000   .0287   .0371   0.820     .35           0.000
   29 RIESEL03   .0074   .0011   0.000   .0408   .0234   0.947     .30           0.000
   30 11-46-00   0.110   0.201   0.000   0.000   0.000   0.000   0.000           0.325
   31 14-46-00   0.140   0.201   0.000   0.000   0.000   0.000   0.000           0.298
   32 16-00-00   0.160   0.000   0.000   0.000   0.000   0.000   0.000           0.261
   33 16-20-00   0.160   0.088   0.000   0.000   0.000   0.000   0.000           0.276
   34 16-20-00   0.160   0.088   0.000   0.000   0.000   0.000   0.000           0.276
   35 18-18-00   0.180   0.079   0.000   0.000   0.000   0.000   0.000           0.177
   36 18-46-00   0.180   0.200   0.000   0.000   0.000   0.000   0.000           0.273
   37 19-00-00   0.190   0.000   0.000   0.000   0.000   0.000   0.000           0.098
   38 20-00-00   0.200   0.000   0.000   0.000   0.000   0.000   0.000           0.300
   39 20-00-00   0.200   0.000   0.000   0.000   0.000   0.000   0.000           0.205
   40 20-00-00   0.200   0.000   0.000   0.000   0.000   0.000   0.000           0.158
   41 20-10-10   0.200   0.044   0.083   0.000   0.000   0.000   0.000           0.223
   42 21-00-00   0.210   0.000   0.000   0.000   0.000   0.000   0.000           0.254
   43 22-00-00   0.220   0.000   0.000   0.000   0.000   0.000   0.000           0.155
   44 23-00-00   0.230   0.000   0.000   0.000   0.000   0.000   0.000           0.173
   45 26-00-00   0.260   0.000   0.000   0.000   0.000   0.000   0.000           0.154
   46 28-00-00   0.280   0.000   0.000   0.000   0.000   0.000   0.000           0.362
   47 28-00-00   0.280   0.000   0.000   0.000   0.000   0.000   0.000           0.166
   48 28-00-00   0.280   0.000   0.000   0.000   0.000     .75   0.000           0.150
   49 28-10-10   0.280   0.100   0.083   0.000   0.000   0.000   0.000           0.269
   50 28-14-00   0.280   0.061   0.000   0.000   0.000   0.000   0.000           0.260
   51 30-00-00   0.300   0.000   0.000   0.000   0.000   0.000   0.000           0.240
   52 Elem-N     1.000   0.000   0.000   0.000   0.000   0.000   0.000           0.237
   53 Elem-P     0.000   1.000   0.000   0.000   0.000   0.000   0.000           0.576
   54 Elem-K     0.000   0.000   1.000   0.000   0.000   0.000   0.000           0.001
   55 32-00-00   0.320   0.000   0.000   0.000   0.000   0.000   0.000           0.248
   56 32-02-10   0.320   0.009   0.083   0.000   0.000   0.000   0.000           0.248
   57 33-00-00   0.330   0.000   0.000   0.000   0.000   0.000   0.000           0.219
   58 34-00-00   0.340   0.000   0.000   0.000   0.000   0.000   0.000           0.288
   59 34-00-00   0.340   0.000   0.000   0.000   0.000   0.000   0.000           0.291
   60 39-00-00   0.390   0.000   0.000   0.000   0.000   0.000   0.000           0.371
   61 39-00-00   0.390   0.000   0.000   0.000   0.000   0.000   0.000           0.442
   62 45-00-00   0.450   0.000   0.000   0.000   0.000   0.000   0.000           0.301
   63 46-00-00   0.460   0.000   0.000   0.000   0.000   0.000   0.000           0.314
   64 46-00-00   0.460   0.000   0.000   0.000   0.000   0.000   0.000           0.366
   65 46-00-00   0.460   0.000   0.000   0.000   0.000   0.000   0.000           0.324
   66 82-00-00   0.820   0.000   0.000   0.000   0.000   1.000   0.000           0.281
   67 82-00-00   0.820   0.000   0.000   0.000   0.000   1.000   0.000           0.447
   68 DAP          .18     .46                             .99
   69 DSMGAS     .0016   .0066           .0218   .0036   .9716     .35
   70 D-SO-MNU   .0017   .0066           .0218   .0038   .9716     .35
   71 D-LIQ      .0028   .0011           .0005   .0006   .9871     .35
   72 10-34-00     .10     .15   0.000   0.000   0.000     .75   0.000           0.273
   73 DAIRY-FR   0.007   0.005   0.000   0.031   0.003   0.990   0.000   0.000   0.000
   74 BEEF-FR    0.010   0.004   0.000   0.030   0.007   0.990   0.000   0.000   0.000
   75 VEAL-FR    0.023   0.006   0.000   0.029   0.007   0.990   0.000   0.000   0.000
   76 SWINE-FR   0.026   0.011   0.000   0.021   0.005   0.990   0.000   0.000   0.000
   77 SHEEP-FR   0.014   0.003   0.000   0.024   0.005   0.990   0.000   0.000   0.000
   78 GOAT-FR    0.013   0.003   0.000   0.022   0.005   0.990   0.000   0.000   0.000
   79 HORSE-FR   0.006   0.001   0.000   0.014   0.003   0.990   0.000   0.000   0.000
   80 28-10-10   0.280   0.100   0.000   0.000   0.000   0.000   0.420   0.000   0.000
   81 LAYER-FR   0.013   0.006   0.000   0.040   0.013   0.990   0.000   0.000   0.000
   82 BROIL-FR   0.010   0.004   0.000   0.040   0.010   0.990   0.000   0.000   0.000
   83 TURK-FR    0.007   0.003   0.000   0.045   0.016   0.990   0.000   0.000   0.000
   84 DUCK-FR    0.023   0.008   0.000   0.025   0.009   0.990   0.000   0.000   0.000
    1 Manure     0.002   0.007   0.000   0.022   0.004   0.972     .42   0.000   0.000

