                        Bioc   Bioc   PrePlt   Bioc   Bioc
R BELD4 name      Num    Type# Equip#   Days    App   Rate
 1Hay               22    186    800      4      1  5000.00
 1Hay_ir            23    186    800      4      1  5000.00
 1Alfalfa           24    186    800      4      1  5000.00
 1Alfalfa_i         25    186    800      4      1  5000.00
 1Other_gra         26    186    800      4      1  5000.00
 1Other_gra         27    186    800      4      1  5000.00
 1Barley            28    186    800      4      1  5000.00
 1Barley_ir         29    186    800      4      1  5000.00
 1BeansEdib         30    186    800      4      1  5000.00
 1BeansEdib         31    186    800      4      1  5000.00
 1CornGrain         32    186    800      4      1  5000.00
 1CornGrain         33    186    800      4      1  5000.00
 1CornSilag         34    186    800      4      1  5000.00
 1CornSilag         35    186    800      4      1  5000.00
 1Cotton            36    186    800      4      1  5000.00
 1Cotton_ir         37    186    800      4      1  5000.00
 1Oats              38    186    800      4      1  5000.00
 1Oats_ir           39    186    800      4      1  5000.00
 1Peanuts           40    186    800      4      1  5000.00
 1Peanuts_i         41    186    800      4      1  5000.00
 1Potatoes          42    186    800      4      1  5000.00
 1Potatoes_         43    186    800      4      1  5000.00
 1Rice              44    186    800      4      1  5000.00
 1Rice_ir           45    186    800      4      1  5000.00
 1Rye               46    186    800      4      1  5000.00
 1Rye_ir            47    186    800      4      1  5000.00
 1SorghumGr         48    186    800      4      1  5000.00
 1SorghumGrr        49    186    800      4      1  5000.00
 1SorghumSi         50    186    800      4      1  5000.00
 1SorghumSiir       51    186    800      4      1  5000.00
 1Soybeans          52    186    800      4      1  5000.00
 1Soybeans_         53    186    800      4      1  5000.00
 1Wheat_Spr         54    186    800      4      1  5000.00
 1Wheat_Sprr        55    186    800      4      1  5000.00
 1Wheat_Win         56    186    800      4      1  5000.00
 1Wheat_Winr        57    186    800      4      1  5000.00
 1Other_Cro         58    186    800      4      1  5000.00
 1Other_Cro         59    186    800      4      1  5000.00
 1Canola            60    186    800      4      1  5000.00
 1Canola_ir         61    186    800      4      1  5000.00
 1Peas              62    186    800      4      1  5000.00
 1Peas_ir           63    186    800      4      1  5000.00
 2Hay               22    186    800      4      1  5000.00
 2Hay_ir            23    186    800      4      1  5000.00
 2Alfalfa           24    186    800      4      1  5000.00
 2Alfalfa_i         25    186    800      4      1  5000.00
 2Other_gra         26    186    800      4      1  5000.00
 2Other_gra         27    186    800      4      1  5000.00
 2Barley            28    186    800      4      1  5000.00
 2Barley_ir         29    186    800      4      1  5000.00
 2BeansEdib         30    186    800      4      1  5000.00
 2BeansEdib         31    186    800      4      1  5000.00
 2CornGrain         32    186    800      4      1  5000.00
 2CornGrain         33    186    800      4      1  5000.00
 2CornSilag         34    186    800      4      1  5000.00
 2CornSilag         35    186    800      4      1  5000.00
 2Cotton            36    186    800      4      1  5000.00
 2Cotton_ir         37    186    800      4      1  5000.00
 2Oats              38    186    800      4      1  5000.00
 2Oats_ir           39    186    800      4      1  5000.00
 2Peanuts           40    186    800      4      1  5000.00
 2Peanuts_i         41    186    800      4      1  5000.00
 2Potatoes          42    186    800      4      1  5000.00
 2Potatoes_         43    186    800      4      1  5000.00
 2Rice              44    186    800      4      1  5000.00
 2Rice_ir           45    186    800      4      1  5000.00
 2Rye               46    186    800      4      1  5000.00
 2Rye_ir            47    186    800      4      1  5000.00
 2SorghumGr         48    186    800      4      1  5000.00
 2SorghumGrr        49    186    800      4      1  5000.00
 2SorghumSi         50    186    800      4      1  5000.00
 2SorghumSiir       51    186    800      4      1  5000.00
 2Soybeans          52    186    800      4      1  5000.00
 2Soybeans_         53    186    800      4      1  5000.00
 2Wheat_Spr         54    186    800      4      1  5000.00
 2Wheat_Sprr        55    186    800      4      1  5000.00
 2Wheat_Win         56    186    800      4      1  5000.00
 2Wheat_Winr        57    186    800      4      1  5000.00
 2Other_Cro         58    186    800      4      1  5000.00
 2Other_Cro         59    186    800      4      1  5000.00
 2Canola            60    186    800      4      1  5000.00
 2Canola_ir         61    186    800      4      1  5000.00
 2Peas              62    186    800      4      1  5000.00
 2Peas_ir           63    186    800      4      1  5000.00
 3Hay               22    186    800      4      1  5000.00
 3Hay_ir            23    186    800      4      1  5000.00
 3Alfalfa           24    186    800      4      1  5000.00
 3Alfalfa_i         25    186    800      4      1  5000.00
 3Other_gra         26    186    800      4      1  5000.00
 3Other_gra         27    186    800      4      1  5000.00
 3Barley            28    186    800      4      1  5000.00
 3Barley_ir         29    186    800      4      1  5000.00
 3BeansEdib         30    186    800      4      1  5000.00
 3BeansEdib         31    186    800      4      1  5000.00
 3CornGrain         32    186    800      4      1  5000.00
 3CornGrain         33    186    800      4      1  5000.00
 3CornSilag         34    186    800      4      1  5000.00
 3CornSilag         35    186    800      4      1  5000.00
 3Cotton            36    186    800      4      1  5000.00
 3Cotton_ir         37    186    800      4      1  5000.00
 3Oats              38    186    800      4      1  5000.00
 3Oats_ir           39    186    800      4      1  5000.00
 3Peanuts           40    186    800      4      1  5000.00
 3Peanuts_i         41    186    800      4      1  5000.00
 3Potatoes          42    186    800      4      1  5000.00
 3Potatoes_         43    186    800      4      1  5000.00
 3Rice              44    186    800      4      1  5000.00
 3Rice_ir           45    186    800      4      1  5000.00
 3Rye               46    186    800      4      1  5000.00
 3Rye_ir            47    186    800      4      1  5000.00
 3SorghumGr         48    186    800      4      1  5000.00
 3SorghumGrr        49    186    800      4      1  5000.00
 3SorghumSi         50    186    800      4      1  5000.00
 3SorghumSiir       51    186    800      4      1  5000.00
 3Soybeans          52    186    800      4      1  5000.00
 3Soybeans_         53    186    800      4      1  5000.00
 3Wheat_Spr         54    186    800      4      1  5000.00
 3Wheat_Sprr        55    186    800      4      1  5000.00
 3Wheat_Win         56    186    800      4      1  5000.00
 3Wheat_Winr        57    186    800      4      1  5000.00
 3Other_Cro         58    186    800      4      1  5000.00
 3Other_Cro         59    186    800      4      1  5000.00
 3Canola            60    186    800      4      1  5000.00
 3Canola_ir         61    186    800      4      1  5000.00
 3Peas              62    186    800      4      1  5000.00
 3Peas_ir           63    186    800      4      1  5000.00
 4Hay               22    186    800      4      1  5000.00
 4Hay_ir            23    186    800      4      1  5000.00
 4Alfalfa           24    186    800      4      1  5000.00
 4Alfalfa_i         25    186    800      4      1  5000.00
 4Other_gra         26    186    800      4      1  5000.00
 4Other_gra         27    186    800      4      1  5000.00
 4Barley            28    186    800      4      1  5000.00
 4Barley_ir         29    186    800      4      1  5000.00
 4BeansEdib         30    186    800      4      1  5000.00
 4BeansEdib         31    186    800      4      1  5000.00
 4CornGrain         32    186    800      4      1  5000.00
 4CornGrain         33    186    800      4      1  5000.00
 4CornSilag         34    186    800      4      1  5000.00
 4CornSilag         35    186    800      4      1  5000.00
 4Cotton            36    186    800      4      1  5000.00
 4Cotton_ir         37    186    800      4      1  5000.00
 4Oats              38    186    800      4      1  5000.00
 4Oats_ir           39    186    800      4      1  5000.00
 4Peanuts           40    186    800      4      1  5000.00
 4Peanuts_i         41    186    800      4      1  5000.00
 4Potatoes          42    186    800      4      1  5000.00
 4Potatoes_         43    186    800      4      1  5000.00
 4Rice              44    186    800      4      1  5000.00
 4Rice_ir           45    186    800      4      1  5000.00
 4Rye               46    186    800      4      1  5000.00
 4Rye_ir            47    186    800      4      1  5000.00
 4SorghumGr         48    186    800      4      1  5000.00
 4SorghumGrr        49    186    800      4      1  5000.00
 4SorghumSi         50    186    800      4      1  5000.00
 4SorghumSiir       51    186    800      4      1  5000.00
 4Soybeans          52    186    800      4      1  5000.00
 4Soybeans_         53    186    800      4      1  5000.00
 4Wheat_Spr         54    186    800      4      1  5000.00
 4Wheat_Sprr        55    186    800      4      1  5000.00
 4Wheat_Win         56    186    800      4      1  5000.00
 4Wheat_Winr        57    186    800      4      1  5000.00
 4Other_Cro         58    186    800      4      1  5000.00
 4Other_Cro         59    186    800      4      1  5000.00
 4Canola            60    186    800      4      1  5000.00
 4Canola_ir         61    186    800      4      1  5000.00
 4Peas              62    186    800      4      1  5000.00
 4Peas_ir           63    186    800      4      1  5000.00
 5Hay               22    186    800      4      1  5000.00
 5Hay_ir            23    186    800      4      1  5000.00
 5Alfalfa           24    186    800      4      1  5000.00
 5Alfalfa_i         25    186    800      4      1  5000.00
 5Other_gra         26    186    800      4      1  5000.00
 5Other_gra         27    186    800      4      1  5000.00
 5Barley            28    186    800      4      1  5000.00
 5Barley_ir         29    186    800      4      1  5000.00
 5BeansEdib         30    186    800      4      1  5000.00
 5BeansEdib         31    186    800      4      1  5000.00
 5CornGrain         32    186    800      4      1  5000.00
 5CornGrain         33    186    800      4      1  5000.00
 5CornSilag         34    186    800      4      1  5000.00
 5CornSilag         35    186    800      4      1  5000.00
 5Cotton            36    186    800      4      1  5000.00
 5Cotton_ir         37    186    800      4      1  5000.00
 5Oats              38    186    800      4      1  5000.00
 5Oats_ir           39    186    800      4      1  5000.00
 5Peanuts           40    186    800      4      1  5000.00
 5Peanuts_i         41    186    800      4      1  5000.00
 5Potatoes          42    186    800      4      1  5000.00
 5Potatoes_         43    186    800      4      1  5000.00
 5Rice              44    186    800      4      1  5000.00
 5Rice_ir           45    186    800      4      1  5000.00
 5Rye               46    186    800      4      1  5000.00
 5Rye_ir            47    186    800      4      1  5000.00
 5SorghumGr         48    186    800      4      1  5000.00
 5SorghumGrr        49    186    800      4      1  5000.00
 5SorghumSi         50    186    800      4      1  5000.00
 5SorghumSiir       51    186    800      4      1  5000.00
 5Soybeans          52    186    800      4      1  5000.00
 5Soybeans_         53    186    800      4      1  5000.00
 5Wheat_Spr         54    186    800      4      1  5000.00
 5Wheat_Sprr        55    186    800      4      1  5000.00
 5Wheat_Win         56    186    800      4      1  5000.00
 5Wheat_Winr        57    186    800      4      1  5000.00
 5Other_Cro         58    186    800      4      1  5000.00
 5Other_Cro         59    186    800      4      1  5000.00
 5Canola            60    186    800      4      1  5000.00
 5Canola_ir         61    186    800      4      1  5000.00
 5Peas              62    186    800      4      1  5000.00
 5Peas_ir           63    186    800      4      1  5000.00
 6Hay               22    186    800      4      1  5000.00
 6Hay_ir            23    186    800      4      1  5000.00
 6Alfalfa           24    186    800      4      1  5000.00
 6Alfalfa_i         25    186    800      4      1  5000.00
 6Other_gra         26    186    800      4      1  5000.00
 6Other_gra         27    186    800      4      1  5000.00
 6Barley            28    186    800      4      1  5000.00
 6Barley_ir         29    186    800      4      1  5000.00
 6BeansEdib         30    186    800      4      1  5000.00
 6BeansEdib         31    186    800      4      1  5000.00
 6CornGrain         32    186    800      4      1  5000.00
 6CornGrain         33    186    800      4      1  5000.00
 6CornSilag         34    186    800      4      1  5000.00
 6CornSilag         35    186    800      4      1  5000.00
 6Cotton            36    186    800      4      1  5000.00
 6Cotton_ir         37    186    800      4      1  5000.00
 6Oats              38    186    800      4      1  5000.00
 6Oats_ir           39    186    800      4      1  5000.00
 6Peanuts           40    186    800      4      1  5000.00
 6Peanuts_i         41    186    800      4      1  5000.00
 6Potatoes          42    186    800      4      1  5000.00
 6Potatoes_         43    186    800      4      1  5000.00
 6Rice              44    186    800      4      1  5000.00
 6Rice_ir           45    186    800      4      1  5000.00
 6Rye               46    186    800      4      1  5000.00
 6Rye_ir            47    186    800      4      1  5000.00
 6SorghumGr         48    186    800      4      1  5000.00
 6SorghumGrr        49    186    800      4      1  5000.00
 6SorghumSi         50    186    800      4      1  5000.00
 6SorghumSiir       51    186    800      4      1  5000.00
 6Soybeans          52    186    800      4      1  5000.00
 6Soybeans_         53    186    800      4      1  5000.00
 6Wheat_Spr         54    186    800      4      1  5000.00
 6Wheat_Sprr        55    186    800      4      1  5000.00
 6Wheat_Win         56    186    800      4      1  5000.00
 6Wheat_Winr        57    186    800      4      1  5000.00
 6Other_Cro         58    186    800      4      1  5000.00
 6Other_Cro         59    186    800      4      1  5000.00
 6Canola            60    186    800      4      1  5000.00
 6Canola_ir         61    186    800      4      1  5000.00
 6Peas              62    186    800      4      1  5000.00
 6Peas_ir           63    186    800      4      1  5000.00
 7Hay               22    186    800      4      1  5000.00
 7Hay_ir            23    186    800      4      1  5000.00
 7Alfalfa           24    186    800      4      1  5000.00
 7Alfalfa_i         25    186    800      4      1  5000.00
 7Other_gra         26    186    800      4      1  5000.00
 7Other_gra         27    186    800      4      1  5000.00
 7Barley            28    186    800      4      1  5000.00
 7Barley_ir         29    186    800      4      1  5000.00
 7BeansEdib         30    186    800      4      1  5000.00
 7BeansEdib         31    186    800      4      1  5000.00
 7CornGrain         32    186    800      4      1  5000.00
 7CornGrain         33    186    800      4      1  5000.00
 7CornSilag         34    186    800      4      1  5000.00
 7CornSilag         35    186    800      4      1  5000.00
 7Cotton            36    186    800      4      1  5000.00
 7Cotton_ir         37    186    800      4      1  5000.00
 7Oats              38    186    800      4      1  5000.00
 7Oats_ir           39    186    800      4      1  5000.00
 7Peanuts           40    186    800      4      1  5000.00
 7Peanuts_i         41    186    800      4      1  5000.00
 7Potatoes          42    186    800      4      1  5000.00
 7Potatoes_         43    186    800      4      1  5000.00
 7Rice              44    186    800      4      1  5000.00
 7Rice_ir           45    186    800      4      1  5000.00
 7Rye               46    186    800      4      1  5000.00
 7Rye_ir            47    186    800      4      1  5000.00
 7SorghumGr         48    186    800      4      1  5000.00
 7SorghumGrr        49    186    800      4      1  5000.00
 7SorghumSi         50    186    800      4      1  5000.00
 7SorghumSiir       51    186    800      4      1  5000.00
 7Soybeans          52    186    800      4      1  5000.00
 7Soybeans_         53    186    800      4      1  5000.00
 7Wheat_Spr         54    186    800      4      1  5000.00
 7Wheat_Sprr        55    186    800      4      1  5000.00
 7Wheat_Win         56    186    800      4      1  5000.00
 7Wheat_Winr        57    186    800      4      1  5000.00
 7Other_Cro         58    186    800      4      1  5000.00
 7Other_Cro         59    186    800      4      1  5000.00
 7Canola            60    186    800      4      1  5000.00
 7Canola_ir         61    186    800      4      1  5000.00
 7Peas              62    186    800      4      1  5000.00
 7Peas_ir           63    186    800      4      1  5000.00
 8Hay               22    186    800      4      1  5000.00
 8Hay_ir            23    186    800      4      1  5000.00
 8Alfalfa           24    186    800      4      1  5000.00
 8Alfalfa_i         25    186    800      4      1  5000.00
 8Other_gra         26    186    800      4      1  5000.00
 8Other_gra         27    186    800      4      1  5000.00
 8Barley            28    186    800      4      1  5000.00
 8Barley_ir         29    186    800      4      1  5000.00
 8BeansEdib         30    186    800      4      1  5000.00
 8BeansEdib         31    186    800      4      1  5000.00
 8CornGrain         32    186    800      4      1  5000.00
 8CornGrain         33    186    800      4      1  5000.00
 8CornSilag         34    186    800      4      1  5000.00
 8CornSilag         35    186    800      4      1  5000.00
 8Cotton            36    186    800      4      1  5000.00
 8Cotton_ir         37    186    800      4      1  5000.00
 8Oats              38    186    800      4      1  5000.00
 8Oats_ir           39    186    800      4      1  5000.00
 8Peanuts           40    186    800      4      1  5000.00
 8Peanuts_i         41    186    800      4      1  5000.00
 8Potatoes          42    186    800      4      1  5000.00
 8Potatoes_         43    186    800      4      1  5000.00
 8Rice              44    186    800      4      1  5000.00
 8Rice_ir           45    186    800      4      1  5000.00
 8Rye               46    186    800      4      1  5000.00
 8Rye_ir            47    186    800      4      1  5000.00
 8SorghumGr         48    186    800      4      1  5000.00
 8SorghumGrr        49    186    800      4      1  5000.00
 8SorghumSi         50    186    800      4      1  5000.00
 8SorghumSiir       51    186    800      4      1  5000.00
 8Soybeans          52    186    800      4      1  5000.00
 8Soybeans_         53    186    800      4      1  5000.00
 8Wheat_Spr         54    186    800      4      1  5000.00
 8Wheat_Sprr        55    186    800      4      1  5000.00
 8Wheat_Win         56    186    800      4      1  5000.00
 8Wheat_Winr        57    186    800      4      1  5000.00
 8Other_Cro         58    186    800      4      1  5000.00
 8Other_Cro         59    186    800      4      1  5000.00
 8Canola            60    186    800      4      1  5000.00
 8Canola_ir         61    186    800      4      1  5000.00
 8Peas              62    186    800      4      1  5000.00
 8Peas_ir           63    186    800      4      1  5000.00
 9Hay               22    186    800      4      1  5000.00
 9Hay_ir            23    186    800      4      1  5000.00
 9Alfalfa           24    186    800      4      1  5000.00
 9Alfalfa_i         25    186    800      4      1  5000.00
 9Other_gra         26    186    800      4      1  5000.00
 9Other_gra         27    186    800      4      1  5000.00
 9Barley            28    186    800      4      1  5000.00
 9Barley_ir         29    186    800      4      1  5000.00
 9BeansEdib         30    186    800      4      1  5000.00
 9BeansEdib         31    186    800      4      1  5000.00
 9CornGrain         32    186    800      4      1  5000.00
 9CornGrain         33    186    800      4      1  5000.00
 9CornSilag         34    186    800      4      1  5000.00
 9CornSilag         35    186    800      4      1  5000.00
 9Cotton            36    186    800      4      1  5000.00
 9Cotton_ir         37    186    800      4      1  5000.00
 9Oats              38    186    800      4      1  5000.00
 9Oats_ir           39    186    800      4      1  5000.00
 9Peanuts           40    186    800      4      1  5000.00
 9Peanuts_i         41    186    800      4      1  5000.00
 9Potatoes          42    186    800      4      1  5000.00
 9Potatoes_         43    186    800      4      1  5000.00
 9Rice              44    186    800      4      1  5000.00
 9Rice_ir           45    186    800      4      1  5000.00
 9Rye               46    186    800      4      1  5000.00
 9Rye_ir            47    186    800      4      1  5000.00
 9SorghumGr         48    186    800      4      1  5000.00
 9SorghumGrr        49    186    800      4      1  5000.00
 9SorghumSi         50    186    800      4      1  5000.00
 9SorghumSiir       51    186    800      4      1  5000.00
 9Soybeans          52    186    800      4      1  5000.00
 9Soybeans_         53    186    800      4      1  5000.00
 9Wheat_Spr         54    186    800      4      1  5000.00
 9Wheat_Sprr        55    186    800      4      1  5000.00
 9Wheat_Win         56    186    800      4      1  5000.00
 9Wheat_Winr        57    186    800      4      1  5000.00
 9Other_Cro         58    186    800      4      1  5000.00
 9Other_Cro         59    186    800      4      1  5000.00
 9Canola            60    186    800      4      1  5000.00
 9Canola_ir         61    186    800      4      1  5000.00
 9Peas              62    186    800      4      1  5000.00
 9Peas_ir           63    186    800      4      1  5000.00
10Hay               22    186    800      4      1  5000.00
10Hay_ir            23    186    800      4      1  5000.00
10Alfalfa           24    186    800      4      1  5000.00
10Alfalfa_          25    186    800      4      1  5000.00
10Other_gr          26    186    800      4      1  5000.00
10Other_gr          27    186    800      4      1  5000.00
10Barley            28    186    800      4      1  5000.00
10Barley_i          29    186    800      4      1  5000.00
10BeansEdi          30    186    800      4      1  5000.00
10BeansEdi          31    186    800      4      1  5000.00
10CornGrai          32    186    800      4      1  5000.00
10CornGrai          33    186    800      4      1  5000.00
10CornSila          34    186    800      4      1  5000.00
10CornSila          35    186    800      4      1  5000.00
10Cotton            36    186    800      4      1  5000.00
10Cotton_i          37    186    800      4      1  5000.00
10Oats              38    186    800      4      1  5000.00
10Oats_ir           39    186    800      4      1  5000.00
10Peanuts           40    186    800      4      1  5000.00
10Peanuts_          41    186    800      4      1  5000.00
10Potatoes          42    186    800      4      1  5000.00
10Potatoes          43    186    800      4      1  5000.00
10Rice              44    186    800      4      1  5000.00
10Rice_ir           45    186    800      4      1  5000.00
10Rye               46    186    800      4      1  5000.00
10Rye_ir            47    186    800      4      1  5000.00
10SorghumG          48    186    800      4      1  5000.00
10SorghumGr         49    186    800      4      1  5000.00
10SorghumS          50    186    800      4      1  5000.00
10SorghumSir        51    186    800      4      1  5000.00
10Soybeans          52    186    800      4      1  5000.00
10Soybeans          53    186    800      4      1  5000.00
10Wheat_Sp          54    186    800      4      1  5000.00
10Wheat_Spr         55    186    800      4      1  5000.00
10Wheat_Wi          56    186    800      4      1  5000.00
10Wheat_Wir         57    186    800      4      1  5000.00
10Other_Cr          58    186    800      4      1  5000.00
10Other_Cr          59    186    800      4      1  5000.00
10Canola            60    186    800      4      1  5000.00
10Canola_i          61    186    800      4      1  5000.00
10Peas              62    186    800      4      1  5000.00
10Peas_ir           63    186    800      4      1  5000.00